Subspecies	Sex	Source	VoucherID	Longitude	Latitude	Mass	Wing	Tail	Culmen	mPC1	mPC2	mPC3	bio1	bio3	bio7	bio12	bio15	bio18	Altitude	cPC1	cPC2	cPC3	cPC4
White	Male	Net	NA	-74.65141	4.3512	13.58	48	27	9.7	-1.7369806755517	-1.14287679108501	0.677931769763358	270	86	129	1375	46	277	383.5	-3.69105996261743	-1.15688281636756	0.464127672176807	1.84806910658688
White	Unknown	Net	NA	-74.65141	4.3512	13.62	49	30	8.7	-1.15717182525403	0.125420317904592	-0.431953355604688	270	86	129	1375	46	277	383.5	-3.69105996261743	-1.15688281636756	0.464127672176807	1.84806910658688
White	Male	Net	NA	-74.65141	4.3512	15.19	49	29	9.1	-1.23736141815732	-0.158667391739562	0.0525488527792316	270	86	129	1375	46	277	383.5	-3.69105996261743	-1.15688281636756	0.464127672176807	1.84806910658688
White	Male	Net	NA	-74.864221	5.03807	15.08	49	27	9.7	-1.53875180804887	0.18394417886797	1.23980304516238	273	85	123	1618	47	343	258.5	-3.5678935172346	-0.213639775918994	0.266941284811053	1.01580563304205
White	Male	Net	NA	-74.864221	5.03807	15.96	50	29	10	-0.598125793086172	0.311267882307032	1.31862375171596	273	85	123	1618	47	343	258.5	-3.5678935172346	-0.213639775918994	0.266941284811053	1.01580563304205
White	Male	Net	NA	-74.864221	5.03807	17.58	51	29	9.8	-0.375589586056307	-0.220038451669584	0.658339965937155	273	85	123	1618	47	343	258.5	-3.5678935172346	-0.213639775918994	0.266941284811053	1.01580563304205
White	Female	Net	NA	-74.864221	5.03807	15.95	51	30	8.8	-0.593436657798848	0.702840883550177	-0.260499499517595	273	85	123	1618	47	343	258.5	-3.5678935172346	-0.213639775918994	0.266941284811053	1.01580563304205
White	Unknown	Net	NA	-74.78178	5.66584	18	49	27	8.3	-2.22745042622198	1.5619004802588	0.16779640318438	276	88	117	2213	47	476	183	-2.76986575005879	1.23803388817235	0.471788139607557	1.15241941241544
White	Male	Net	NA	-74.78178	5.66584	15.37	49	30	9.4	-0.901530027373904	0.922201056578919	0.876950121712335	276	88	117	2213	47	476	183	-2.76986575005879	1.23803388817235	0.471788139607557	1.15241941241544
White	Unknown	Net	NA	-74.78178	5.66584	16.6	50	28	8	-1.76159373536489	0.758915310738804	-0.882782350949656	276	88	117	2213	47	476	183	-2.76986575005879	1.23803388817235	0.471788139607557	1.15241941241544
White	Male	Net	NA	-74.78178	5.66584	17.88	50	28	9	-1.29040297175702	0.121981069598022	0.0636146376567652	276	88	117	2213	47	476	183	-2.76986575005879	1.23803388817235	0.471788139607557	1.15241941241544
White	Male	Net	NA	-74.78178	5.66584	16.63	51	29	9	-0.754155060782717	0.316522739231583	-0.0847248948329276	276	88	117	2213	47	476	183	-2.76986575005879	1.23803388817235	0.471788139607557	1.15241941241544
White	Unknown	Net	NA	-74.78178	5.66584	14.32	52	28	9.7	-0.408470341654549	-0.277062465188761	0.493746624376499	276	88	117	2213	47	476	183	-2.76986575005879	1.23803388817235	0.471788139607557	1.15241941241544
White	Unknown	Net	NA	-74.78178	5.66584	15.9	52	31	10.4	0.724135160230033	-0.580946798446704	0.866499737807053	276	88	117	2213	47	476	183	-2.76986575005879	1.23803388817235	0.471788139607557	1.15241941241544
White	Unknown	Net	NA	-74.78178	5.66584	14.6	52	31	8.3	-0.312944926629937	1.55352214861089	-0.706378399872311	276	88	117	2213	47	476	183	-2.76986575005879	1.23803388817235	0.471788139607557	1.15241941241544
White	Unknown	Net	NA	-74.78178	5.66584	16.6	54	30	8.4	-0.0227142490415439	2.18267009503426	-0.386822940498703	276	88	117	2213	47	476	183	-2.76986575005879	1.23803388817235	0.471788139607557	1.15241941241544
White	Male	Net	NA	-74.8491	6.23483	18	51	29.7	10.6	0.132333773732349	0.247222413443623	1.83876381383629	238	90	108	2805	40	578	871	2.02666032302925	-1.21452711891606	-0.077363934962493	0.233955970630698
White	Male	Net	NA	-74.8491	6.23483	16	51	27.7	11.3	-0.0582294181137887	-0.540904460610285	2.56557486553541	238	90	108	2805	40	578	871	2.02666032302925	-1.21452711891606	-0.077363934962493	0.233955970630698
White	Male	Net	NA	-74.8491	6.23483	19.65	54	29.9	11.4	1.37641050351631	0.0609297257813634	2.35475634472877	238	90	108	2805	40	578	871	2.02666032302925	-1.21452711891606	-0.077363934962493	0.233955970630698
White	Female	Net	NA	-74.8491	6.23483	17.12	52	30.6	11.7	1.1756697140898	-0.523828823985305	2.60574382799176	238	90	108	2805	40	578	871	2.02666032302925	-1.21452711891606	-0.077363934962493	0.233955970630698
White	Male	Net	NA	-74.86996	6.23483	NA	52	31.1	9.9	0.478794359090088	0.353664937782347	0.701703875821455	240	90	110	2692	40	558	803	1.58252377182788	-1.24221410808346	0.0596398964608652	0.33344238663569
White	Female	Net	NA	-74.87461	6.23483	16.44	49	33.7	9.8	0.326331575858346	0.016801485439621	0.468636573038861	240	90	110	2692	40	558	803	1.58252377182788	-1.24221410808346	0.0596398964608652	0.33344238663569
White	Male	Net	NA	-74.87461	6.23483	18.8	51	32.5	10.1	0.591584954590273	1.60945997933202	1.56920095539325	240	90	110	2692	40	558	803	1.58252377182788	-1.24221410808346	0.0596398964608652	0.33344238663569
White	Unknown	Museum	ICN-NP	-74.10755	6.27975	15.7	49	28	11.2	-0.477817980764428	-2.17387446304803	1.80866041903275	276	91	107	2699	36	378	170.5	-1.69752705116421	2.30535461943277	-1.16956200758377	1.83413530310673
White	Unknown	Museum	ICN-NP	-74.10755	6.27975	14.63	50	28	9.1	-1.17554361411132	-1.07629187003477	-0.431960328314902	276	91	107	2699	36	378	170.5	-1.69752705116421	2.30535461943277	-1.16956200758377	1.83413530310673
White	Unknown	Museum	ICN-NP	-74.10755	6.27975	14.98	51	29	9.7	-0.405773592095865	-0.439989906435182	0.416146600868435	276	91	107	2699	36	378	170.5	-1.69752705116421	2.30535461943277	-1.16956200758377	1.83413530310673
White	Female	Museum	ICN-NP	-74.10755	6.27975	14.55	54	29	9	0.142943511747738	-0.768101473760886	-1.03399796520867	276	91	107	2699	36	378	170.5	-1.69752705116421	2.30535461943277	-1.16956200758377	1.83413530310673
White	Unknown	Net	NA	-74.26435	6.30707	15.12	46	28	9.2	-2.28907296330857	-0.288123232573455	0.619216735182181	271	89	109	2604	37	582	229	-1.43202779982295	1.65866174422884	-0.743123337998876	1.26376134164834
White	Male	Net	NA	-74.26435	6.30707	13.42	51	30	9.3	-0.337680477993452	0.0467012881230253	0.0370398683474285	271	89	109	2604	37	582	229	-1.43202779982295	1.65866174422884	-0.743123337998876	1.26376134164834
White	Female	Net	NA	-75.013984	6.34778	17.48	55	21.5	8.2	-1.97174414106826	-0.475264311242586	-1.12325245927234	231	89	112	2922	39	571	1093	2.68978970885634	-1.99694075019696	0.0937243044803021	0.28483495950271
White	Female	Net	NA	-75.013984	6.34778	15.48	55	34	8.9	1.68657514174554	-0.0549378524051216	-1.52509172188622	231	89	112	2922	39	571	1093	2.68978970885634	-1.99694075019696	0.0937243044803021	0.28483495950271
White	Male	Net	NA	-75.013984	6.34778	15.93	54	27.2	9.3	-0.20800734093012	-0.866072460703114	-0.48349598271101	231	89	112	2922	39	571	1093	2.68978970885634	-1.99694075019696	0.0937243044803021	0.28483495950271
White	Male	Net	NA	-75.013984	6.34778	18.67	52	26.1	9.2	-1.19678796292778	0.693469537624502	0.590022143676295	231	89	112	2922	39	571	1093	2.68978970885634	-1.99694075019696	0.0937243044803021	0.28483495950271
White	Male	Net	NA	-75.013984	6.34778	16.79	52	32	8.3	-0.0434725963634419	1.56932926280446	-0.819348177871189	231	89	112	2922	39	571	1093	2.68978970885634	-1.99694075019696	0.0937243044803021	0.28483495950271
White	Female	Net	NA	-75.013984	6.34778	14.58	53	33.1	9.8	1.34707026509806	-1.20923111749722	-0.609830781351495	231	89	112	2922	39	571	1093	2.68978970885634	-1.99694075019696	0.0937243044803021	0.28483495950271
White	Female	Net	NA	-75.013984	6.34778	14.28	54	33.2	9.4	1.42288200830724	-0.281140340890684	-0.778593984485013	231	89	112	2922	39	571	1093	2.68978970885634	-1.99694075019696	0.0937243044803021	0.28483495950271
White	Female	Net	NA	-75.013984	6.34778	18	53	28.9	9.3	-0.0195024719050947	-0.970660775534091	-0.615582573116944	231	89	112	2922	39	571	1093	2.68978970885634	-1.99694075019696	0.0937243044803021	0.28483495950271
White	Female	Net	NA	-75.013984	6.34778	14.9	55	33.6	10.1	2.1885688815716	-1.56846123213636	-0.730677502522971	231	89	112	2922	39	571	1093	2.68978970885634	-1.99694075019696	0.0937243044803021	0.28483495950271
White	Female	Net	NA	-75.013984	6.34778	17.5	55	35.3	9.5	2.31758754945656	-0.382781901152273	-1.08654832747709	231	89	112	2922	39	571	1093	2.68978970885634	-1.99694075019696	0.0937243044803021	0.28483495950271
White	Unknown	Net	NA	-75.013984	6.34778	16.11	53	35.4	8	1.00299026968844	1.91184688487921	-1.56489246448528	231	89	112	2922	39	571	1093	2.68978970885634	-1.99694075019696	0.0937243044803021	0.28483495950271
White	Female	Net	NA	-75.013984	6.34778	17.2	53	35	9	1.33977984782778	1.71431746487192	-0.341437517780902	231	89	112	2922	39	571	1093	2.68978970885634	-1.99694075019696	0.0937243044803021	0.28483495950271
White	Male	Net	NA	-74.64052	6.5514	18.53	50	29	9	-1.05318791829287	0.678064143562407	0.231699461958985	261	90	110	2535	44	515	425.5	-1.07115577457987	0.0302231690767153	-0.106155470104629	0.604351529678395
White	Male	Net	NA	-74.64052	6.5514	18.75	50	30.6	10.5	0.0581417021833928	0.193681831371868	1.70241334696882	261	90	110	2535	44	515	425.5	-1.07115577457987	0.0302231690767153	-0.106155470104629	0.604351529678395
White	Male	Net	NA	-74.64052	6.5514	18.6	51	30	10.2	0.0186509279687126	0.608039986615035	1.47901182292551	261	90	110	2535	44	515	425.5	-1.07115577457987	0.0302231690767153	-0.106155470104629	0.604351529678395
White	Male	Net	NA	-74.64052	6.5514	18.26	51	28	11.3	0.0173704734857798	-0.448367482889457	2.57735530500968	261	90	110	2535	44	515	425.5	-1.07115577457987	0.0302231690767153	-0.106155470104629	0.604351529678395
White	Male	Net	NA	-74.64052	6.5514	19.26	51	30.8	10.5	0.402198274626199	-0.0161222611832653	1.44068505020993	261	90	110	2535	44	515	425.5	-1.07115577457987	0.0302231690767153	-0.106155470104629	0.604351529678395
White	Unknown	Net	NA	-74.35172	6.71085	18.21	49	30	9.5	-0.774574190927326	-0.478675367967928	0.275979679877757	278	88	112	2888	45	558	111	-2.49794055849884	2.14418133735977	0.13904516538605	0.849971051913789
White	Female	Net	NA	-74.35172	6.71085	14.37	50	30	10.5	-0.00838272940960122	-1.40961651846818	0.941084136979903	278	88	112	2888	45	558	111	-2.49794055849884	2.14418133735977	0.13904516538605	0.849971051913789
White	Female	Net	NA	-74.35172	6.71085	14.32	50	29	9.7	-0.660452694002799	-0.821327946789231	0.346120879496337	278	88	112	2888	45	558	111	-2.49794055849884	2.14418133735977	0.13904516538605	0.849971051913789
White	Unknown	Net	NA	-74.35172	6.71085	13.46	50	30	9.1	-0.660791911180087	-0.639470671819518	-0.447108932586834	278	88	112	2888	45	558	111	-2.49794055849884	2.14418133735977	0.13904516538605	0.849971051913789
White	Unknown	Net	NA	-74.35172	6.71085	13.37	50	29	9.2	-0.859758639404099	-1.11067128096101	-0.44326404239561	278	88	112	2888	45	558	111	-2.49794055849884	2.14418133735977	0.13904516538605	0.849971051913789
White	Female	Net	NA	-74.35172	6.71085	13.69	50	31	10.7	0.390004326140982	-2.10199290925639	0.715260059228627	278	88	112	2888	45	558	111	-2.49794055849884	2.14418133735977	0.13904516538605	0.849971051913789
White	Male	Net	NA	-74.35172	6.71085	17.56	50	29	10.1	-0.487298595040764	-0.819470562354408	0.858180611031927	278	88	112	2888	45	558	111	-2.49794055849884	2.14418133735977	0.13904516538605	0.849971051913789
White	Male	Net	NA	-74.35172	6.71085	17.08	50	28	9.4	-1.08095943639236	-0.483972000709323	0.259487941603619	278	88	112	2888	45	558	111	-2.49794055849884	2.14418133735977	0.13904516538605	0.849971051913789
White	Unknown	Net	NA	-74.35172	6.71085	15.21	51	31	10.1	0.35471108260267	-1.21693223326944	0.280684872954621	278	88	112	2888	45	558	111	-2.49794055849884	2.14418133735977	0.13904516538605	0.849971051913789
White	Unknown	Net	NA	-74.35172	6.71085	13.95	51	30	9.5	-0.228926550710826	-0.323809742001997	0.099844695033218	278	88	112	2888	45	558	111	-2.49794055849884	2.14418133735977	0.13904516538605	0.849971051913789
White	Unknown	Net	NA	-74.35172	6.71085	16.11	51	31	10	0.288237640160479	-0.829073233292874	0.354677935474638	278	88	112	2888	45	558	111	-2.49794055849884	2.14418133735977	0.13904516538605	0.849971051913789
White	Unknown	Net	NA	-74.35172	6.71085	12.2	51	30	10	0.030861788694862	-1.0474838324005	0.362252237610605	278	88	112	2888	45	558	111	-2.49794055849884	2.14418133735977	0.13904516538605	0.849971051913789
White	Unknown	Net	NA	-74.35172	6.71085	15.26	51	33	9.6	0.674188999732897	-1.13698886419732	-0.558980478496896	278	88	112	2888	45	558	111	-2.49794055849884	2.14418133735977	0.13904516538605	0.849971051913789
White	Female	Net	NA	-74.35172	6.71085	14.23	51	30	9.2	-0.323510728429793	-0.916129611327446	-0.591603574885303	278	88	112	2888	45	558	111	-2.49794055849884	2.14418133735977	0.13904516538605	0.849971051913789
White	Male	Net	NA	-74.35172	6.71085	16.91	51	29	9.5	-0.522591838579076	0.065590113632544	0.42360542475792	278	88	112	2888	45	558	111	-2.49794055849884	2.14418133735977	0.13904516538605	0.849971051913789
White	Unknown	Net	NA	-74.35172	6.71085	16.88	52	30	10.3	0.40835018552281	-0.546567387520468	0.877803451887762	278	88	112	2888	45	558	111	-2.49794055849884	2.14418133735977	0.13904516538605	0.849971051913789
White	Male	Net	NA	-74.35172	6.71085	16.96	52	32	9.4	0.530481046089247	-0.0632744330550559	-0.263130679373522	278	88	112	2888	45	558	111	-2.49794055849884	2.14418133735977	0.13904516538605	0.849971051913789
White	Male	Net	NA	-74.35172	6.71085	17.63	52	31	8.9	0.0617027704214519	-0.368424881420402	-0.93954582326659	278	88	112	2888	45	558	111	-2.49794055849884	2.14418133735977	0.13904516538605	0.849971051913789
White	Male	Net	NA	-74.35172	6.71085	15.91	52	31	10	0.595334816871216	-1.3256836275664	-0.0320100718925496	278	88	112	2888	45	558	111	-2.49794055849884	2.14418133735977	0.13904516538605	0.849971051913789
White	Unknown	Net	NA	-74.35172	6.71085	16.23	53	28	10.2	0.11809357845895	-0.822002000147272	0.720784412463072	278	88	112	2888	45	558	111	-2.49794055849884	2.14418133735977	0.13904516538605	0.849971051913789
White	Female	Net	NA	-74.35172	6.71085	15.54	53	30	10	0.616831024914287	-1.56796315614809	-0.165201000110309	278	88	112	2888	45	558	111	-2.49794055849884	2.14418133735977	0.13904516538605	0.849971051913789
White	Unknown	Net	NA	-74.35172	6.71085	14.49	53	31	9.8	0.725131353094354	-0.303696577201921	0.11573812394431	278	88	112	2888	45	558	111	-2.49794055849884	2.14418133735977	0.13904516538605	0.849971051913789
White	Male	Net	NA	-74.35172	6.71085	15.66	55	32	8.9	1.1194053640105	0.386189384007203	-1.053229388875	278	88	112	2888	45	558	111	-2.49794055849884	2.14418133735977	0.13904516538605	0.849971051913789
White	Female	Net	NA	-74.13454	6.71725	12.9	49	29	9.3	-1.05199645846913	-1.81233382632027	-0.552151001000088	281	88	109	2997	44	581	88	-2.4707108064506	2.72378578326279	0.0199730236686031	0.732748198613579
White	Unknown	Net	NA	-74.13454	6.71725	12.7	49	27	9.2	-1.67354319984549	-1.18595107484544	-0.111691081331765	281	88	109	2997	44	581	88	-2.4707108064506	2.72378578326279	0.0199730236686031	0.732748198613579
White	Unknown	Net	NA	-74.13454	6.71725	11.5	52	27	9.6	-0.647644283956214	-1.52583845871821	-0.162454342007901	281	88	109	2997	44	581	88	-2.4707108064506	2.72378578326279	0.0199730236686031	0.732748198613579
White	Unknown	Net	NA	-75.69542	7.06201	15.65	53	30.32	10.84	0.974268680381134	-0.0111137475496299	1.67919554274744	237	84	124	2276	50	321	748	-0.299464124600637	-3.19589506514668	0.92101486636525	-0.337661920356303
White	Unknown	Net	NA	-75.69436	7.08155	16.05	51	30.8	9.13	-0.24034927341236	0.806502122900806	0.118123625106284	251	85	123	2376	52	314	637	-1.56234704971071	-1.92447220598362	1.17658851181523	-0.0746100741403487
White	Unknown	Net	NA	-75.69436	7.08155	16.42	53	23.66	9.89	-1.20692072508076	-0.535124542760761	0.999898653683287	251	85	123	2376	52	314	637	-1.56234704971071	-1.92447220598362	1.17658851181523	-0.0746100741403487
White	Unknown	Net	NA	-75.69436	7.08155	14.56	53	31.36	11.18	1.47190078661711	-1.16887112946995	1.38531266717609	251	85	123	2376	52	314	637	-1.56234704971071	-1.92447220598362	1.17658851181523	-0.0746100741403487
White	Unknown	Net	NA	-75.69436	7.08155	17.28	54	32.8	9.52	1.25454205304109	1.59730643846306	0.400389771700299	251	85	123	2376	52	314	637	-1.56234704971071	-1.92447220598362	1.17658851181523	-0.0746100741403487
White	Unknown	Net	NA	-75.61414	7.18019	18.21	50	27.72	10.16	-0.806532314109593	-0.834697646208961	1.08205011437096	252	85	121	2877	49	405	480.5	-1.06416603401273	-1.10192074124951	1.53907380387198	-0.306450664862183
White	Unknown	Net	NA	-75.61225	7.1808	17.91	53	35	10.51	2.14192084869023	-0.765628686206654	0.297858502548707	252	85	121	2877	49	405	480.5	-1.06416603401273	-1.10192074124951	1.53907380387198	-0.306450664862183
White	Unknown	Net	NA	-75.61225	7.1808	NA	54	34	10.07	1.93665811147243	-0.402140882924483	-0.0824117027694658	252	85	121	2877	49	405	480.5	-1.06416603401273	-1.10192074124951	1.53907380387198	-0.306450664862183
White	Unknown	Net	NA	-75.61193	7.18225	15.67	53	32.58	10.16	1.3253649013346	-0.589059057552385	0.235790600259228	252	85	121	2877	49	405	480.5	-1.06416603401273	-1.10192074124951	1.53907380387198	-0.306450664862183
Yellow	Female	Net	NA	-76.64306	7.5931095	15.46	52	29	9.6	-0.165149857827319	-0.548741300732142	0.103451656021265	270	84	104	3658	46	445	34	-1.55489682345136	2.54687698432272	-0.474485428807578	-0.881401702196623
Yellow	Male	Net	NA	-76.64306	7.5931095	15.36	53	30	10	0.552316471309607	-0.487411236606459	0.396908204491889	270	84	104	3658	46	445	34	-1.55489682345136	2.54687698432272	-0.474485428807578	-0.881401702196623
Yellow	Female	Net	NA	-76.673787	7.773899	15	56	34	9.3	2.0136043526072	2.01661994666755	-0.0647106367875923	267	86	98	2847	38	445	36	-1.40796108585904	1.87082812483041	-1.9504540924214	-0.447496499474042
Yellow	Male	Net	NA	-76.673787	7.773899	18	51	31	9.5	-0.0199366144487187	0.705014796761852	0.5138522963489	267	86	98	2847	38	445	36	-1.40796108585904	1.87082812483041	-1.9504540924214	-0.447496499474042
Yellow	Male	Net	NA	-76.673787	7.773899	NA	52	32	10.3	0.838426536847902	1.30847820509318	1.60042317865621	267	86	98	2847	38	445	36	-1.40796108585904	1.87082812483041	-1.9504540924214	-0.447496499474042
Yellow	Male	Net	NA	-76.673787	7.773899	17	52	28	10	-0.293725365934119	-0.0224150707200726	1.00953576785683	267	86	98	2847	38	445	36	-1.40796108585904	1.87082812483041	-1.9504540924214	-0.447496499474042
Yellow	Unknown	Net	NA	-76.673787	7.773899	16	53	32	10	1.04287521663909	0.354616931436906	0.592550551945781	267	86	98	2847	38	445	36	-1.40796108585904	1.87082812483041	-1.9504540924214	-0.447496499474042
Yellow	Male	Net	NA	-76.673787	7.773899	16	51	27	10.5	-0.642763810308003	0.274990078732197	2.05265569810138	267	86	98	2847	38	445	36	-1.40796108585904	1.87082812483041	-1.9504540924214	-0.447496499474042
Yellow	Male	Net	NA	-76.673787	7.773899	19	52	31	10	0.45824139046127	0.970489201459567	1.16247198788712	267	86	98	2847	38	445	36	-1.40796108585904	1.87082812483041	-1.9504540924214	-0.447496499474042
Yellow	Male	Net	NA	-76.673787	7.773899	17.5	53	36	10.6	2.33412585074475	1.19727815703397	1.31277702806148	267	86	98	2847	38	445	36	-1.40796108585904	1.87082812483041	-1.9504540924214	-0.447496499474042
Yellow	Male	Net	NA	-76.673787	7.773899	18	50	26	9.46	-1.67275970226676	0.80499175525869	1.24906364170503	267	86	98	2847	38	445	36	-1.40796108585904	1.87082812483041	-1.9504540924214	-0.447496499474042
Yellow	Male	Net	NA	-76.673787	7.773899	19	51	29	10.2	-0.270982200299245	0.929905347278225	1.76764072736258	267	86	98	2847	38	445	36	-1.40796108585904	1.87082812483041	-1.9504540924214	-0.447496499474042
Yellow	Male	Net	NA	-76.673787	7.773899	17	53	30	10	0.435383842901124	1.47108911756275	1.41573113783337	267	86	98	2847	38	445	36	-1.40796108585904	1.87082812483041	-1.9504540924214	-0.447496499474042
Yellow	Unknown	Net	NA	-76.673787	7.773899	17	53	32	9.9	1.03688416820128	-0.270541493156806	0.139566235151238	267	86	98	2847	38	445	36	-1.40796108585904	1.87082812483041	-1.9504540924214	-0.447496499474042
Yellow	Male	Net	NA	-76.673787	7.773899	NA	53	30	9.8	0.431466065226104	0.0857032784326199	0.439498853669012	267	86	98	2847	38	445	36	-1.40796108585904	1.87082812483041	-1.9504540924214	-0.447496499474042
Yellow	Male	Net	NA	-76.673787	7.773899	18	52	30	9.8	0.0880794521127345	1.19012412744831	1.14237328862494	267	86	98	2847	38	445	36	-1.40796108585904	1.87082812483041	-1.9504540924214	-0.447496499474042
Yellow	Male	Net	NA	-76.673787	7.773899	12	50	25	11.3	-1.03362914041976	-1.07973035073827	2.7408434417713	267	86	98	2847	38	445	36	-1.40796108585904	1.87082812483041	-1.9504540924214	-0.447496499474042
Yellow	Male	Net	NA	-76.673787	7.773899	14	53	30	11.2	1.00323205499074	0.666247331210999	2.5303284289885	267	86	98	2847	38	445	36	-1.40796108585904	1.87082812483041	-1.9504540924214	-0.447496499474042
Yellow	Male	Net	NA	-76.673787	7.773899	17.8	56	30	9.4	0.933641760778434	2.71361890442969	0.91041644257774	267	86	98	2847	38	445	36	-1.40796108585904	1.87082812483041	-1.9504540924214	-0.447496499474042
Yellow	Male	Net	NA	-76.673787	7.773899	18.08	51	34	9.9	0.985827432914556	0.349086553949277	0.476211742162032	267	86	98	2847	38	445	36	-1.40796108585904	1.87082812483041	-1.9504540924214	-0.447496499474042
White	Male	Net	NA	-75.1858575	6.590365	17.8	53	29.2	8.8	-0.26014115411531	0.79103322218417	-0.374364122193141	228	87	118	2903	44	502	1102	2.15333690296118	-2.92114056828318	0.595054637386569	-0.0105357794726663
White	Male	Net	NA	-75.1858575	6.590365	17.41	53	31	8.9	0.267995957124876	0.82332709858987	-0.447938198442843	228	87	118	2903	44	502	1102	2.15333690296118	-2.92114056828318	0.595054637386569	-0.0105357794726663
White	Male	Net	NA	-75.1858575	6.590365	18.26	51	29.7	9.4	-0.415353640355803	0.714391724938613	0.548507396242982	228	87	118	2903	44	502	1102	2.15333690296118	-2.92114056828318	0.595054637386569	-0.0105357794726663
White	Male	Net	NA	-75.1858575	6.590365	16.45	54	30.5	9.8	0.822897412066431	0.441177628397779	0.435473773397854	228	87	118	2903	44	502	1102	2.15333690296118	-2.92114056828318	0.595054637386569	-0.0105357794726663
White	Male	Net	NA	-75.1858575	6.590365	18.25	53	30.6	9.4	0.40144743026262	0.403988839382158	0.0212636516572265	228	87	118	2903	44	502	1102	2.15333690296118	-2.92114056828318	0.595054637386569	-0.0105357794726663
White	Male	Net	NA	-75.1858575	6.590365	17.27	54	29.9	9	0.293132154140884	0.792664863857289	-0.331151966320759	228	87	118	2903	44	502	1102	2.15333690296118	-2.92114056828318	0.595054637386569	-0.0105357794726663
White	Male	Net	NA	-75.1858575	6.590365	17.53	54.5	31	9.6	1.01654079687344	0.334916286083092	-0.000121334477701712	228	87	118	2903	44	502	1102	2.15333690296118	-2.92114056828318	0.595054637386569	-0.0105357794726663
White	Male	Net	NA	-75.1858575	6.590365	17.57	54	31	9.2	0.673709471154871	0.851502078670439	-0.178309761179149	228	87	118	2903	44	502	1102	2.15333690296118	-2.92114056828318	0.595054637386569	-0.0105357794726663
White	Male	Net	NA	-75.1858575	6.590365	19.08	50	29.7	9.3	-0.712313227103172	0.31570571473302	0.341683785665076	228	87	118	2903	44	502	1102	2.15333690296118	-2.92114056828318	0.595054637386569	-0.0105357794726663
White	Male	Net	NA	-75.1858575	6.590365	17.44	50	31.6	9.1	-0.288505712917966	0.371824337471934	-0.114935928185533	228	87	118	2903	44	502	1102	2.15333690296118	-2.92114056828318	0.595054637386569	-0.0105357794726663
White	Female	Net	NA	-75.1858575	6.590365	16.53	55.5	30.6	10.1	1.48934672352427	-1.12130832716896	-0.198662094045919	228	87	118	2903	44	502	1102	2.15333690296118	-2.92114056828318	0.595054637386569	-0.0105357794726663
White	Male	Net	NA	-75.1858575	6.590365	17.23	52	29.9	10.6	0.528808420978958	-0.840530113739087	1.12032178833812	228	87	118	2903	44	502	1102	2.15333690296118	-2.92114056828318	0.595054637386569	-0.0105357794726663
White	Male	Net	NA	-75.1858575	6.590365	19.88	54.5	31.4	10	1.27974232570079	0.640248294069292	0.621330517123942	228	87	118	2903	44	502	1102	2.15333690296118	-2.92114056828318	0.595054637386569	-0.0105357794726663
White	Male	Net	NA	-75.1858575	6.590365	18.46	54	30.5	9.7	0.861260119231845	-0.926860240880805	-0.403960621560703	228	87	118	2903	44	502	1102	2.15333690296118	-2.92114056828318	0.595054637386569	-0.0105357794726663
White	Male	Net	NA	-75.1858575	6.590365	17.7	53	31.1	10.1	0.84625954787994	0.296957453040021	0.799402598591705	228	87	118	2903	44	502	1102	2.15333690296118	-2.92114056828318	0.595054637386569	-0.0105357794726663
White	Male	Net	NA	-75.1858575	6.590365	18.83	53	29.3	10.1	0.416853155884286	-0.663471383113065	0.517929010020289	228	87	118	2903	44	502	1102	2.15333690296118	-2.92114056828318	0.595054637386569	-0.0105357794726663
White	Male	Net	NA	-75.1858575	6.590365	18.94	54	31.3	10.1	1.20644475872392	-0.182984619400522	0.397147000682269	228	87	118	2903	44	502	1102	2.15333690296118	-2.92114056828318	0.595054637386569	-0.0105357794726663
White	Male	Net	NA	-75.1858575	6.590365	17.6	53.5	29.2	9.5	0.282110498929835	-0.88912957033288	-0.418154883051746	228	87	118	2903	44	502	1102	2.15333690296118	-2.92114056828318	0.595054637386569	-0.0105357794726663
White	Unknown	Net	NA	-74.57204	6.90883	10.2	55	28	9.7	0.420081517670932	-0.213600263668245	0.141714583890597	254	87	111	2849	44	764	549	-0.262762815498321	-0.244829169041734	1.26560942880811	-0.757614985417069
White	Male	Museum	IavH-2844	-73.94992	11.31288	NA	52.13	30.81	9.82	0.450091344115996	-0.455352673412616	0.197090237276648	285	80	123	1076	78	227	13	-6.7207912270872	-1.00128498609238	1.90949341066859	-1.92841590257868
White	Unknown	Museum	IavH-7149	-74.024682	11.299842	NA	52.54	33.95	9.56	1.25366808562281	0.326167548873066	-0.16173735741898	254	83	120	1820	75	515	413.5	-2.63435712518432	-2.56605420300502	1.85841741177632	-2.01973811833133
White	Male	Museum	IavH-0873	-75.03	7.37	NA	47.68	32.11	8.3	-1.0894885083063	-0.487597363339269	-1.34823878578024	266	87	117	4210	42	974	378	0.0358987469144875	2.47958985864755	2.94285577861891	-0.0858946786187913
White	Unknown	Museum	IavH-7184	-74.024682	11.299842	NA	51.25	31.51	9.57	0.281081252281334	-0.357247078315211	-0.0431963706598336	254	83	120	1820	75	515	413.5	-2.63435712518432	-2.56605420300502	1.85841741177632	-2.01973811833133
White	Male	Museum	IavH-0883	-75.03	7.37	NA	47.63	31.22	9.14	-0.95770392917305	-0.863959393828867	-0.356449115183562	266	87	117	4210	42	974	378	0.0358987469144875	2.47958985864755	2.94285577861891	-0.0858946786187913
White	Male	Museum	IavH-15232	-75.451111	9.5775	17	49.02	28.02	10.03	-1.09193280707548	-0.192941379243177	1.33921364495995	275	76	130	1287	65	226	36	-5.86440734864377	-1.58134517733899	2.01243625312233	-2.13054961389413
White	Unknown	Museum	IavH-7158	-74.024682	11.299842	NA	54.04	30.36	10.56	1.1882206460019	-0.611999215895208	0.870515948534026	254	83	120	1820	75	515	413.5	-2.63435712518432	-2.56605420300502	1.85841741177632	-2.01973811833133
White	Male	Museum	IavH-15115	-75.451111	9.5775	17	49.02	29.47	9.74	-0.817561486845872	-0.325008643437574	0.724239258968897	275	76	130	1287	65	226	36	-5.86440734864377	-1.58134517733899	2.01243625312233	-2.13054961389413
White	Male	Museum	IavH-15606	-74.864221	5.03807	15.5	46.95	31.64	8.79	-1.27665406889941	0.681201133822882	0.0365213072193361	273	85	123	1618	47	343	258.5	-3.5678935172346	-0.213639775918994	0.266941284811053	1.01580563304205
White	Female	Museum	IavH-13970	-74.64783	5.456635	19	51.15	33.04	8.81	0.371452747344872	-0.919728402479432	-1.47947002312418	276	85	121	2053	49	418	181	-3.33891046350904	0.841459320756976	0.826922148049797	0.64721677730381
Yellow	Male	Museum	IavH-4974	-77.09323	8.04668	19.4	53.01	27.38	10.29	-0.0347100411207262	-0.371375605514425	1.1440548514496	264	83	93	2392	41	349	18	-1.81962009661527	1.18363263697827	-2.33428608736033	-1.86357122216953
Yellow	Male	Museum	IavH-4918	-77.11518	7.438388	18	52.79	31.91	9.51	0.741595151819324	0.462298299996257	0.0603379840368929	269	78	107	2854	50	319	2.5	-2.97547284933791	1.23715705927602	0.120358104316934	-2.64698865647546
Yellow	Male	Museum	IavH-4917	-77.11518	7.438388	20.3	50.42	29.9	9.98	-0.250640114653033	0.374131476105474	1.16279125619187	269	78	107	2854	50	319	2.5	-2.97547284933791	1.23715705927602	0.120358104316934	-2.64698865647546
Yellow	Male	Museum	IavH-4962	-77.11518	7.438388	18.8	51.49	29.23	9.78	-0.171387822494824	-0.466588227317967	0.413763624281946	269	78	107	2854	50	319	2.5	-2.97547284933791	1.23715705927602	0.120358104316934	-2.64698865647546
Yellow	Male	Museum	IavH-3741	-77.09568	7.90647	18.2	50.98	28.2	9.93	-0.549360721215661	-0.0826895530818102	0.995416180451639	263	80	99	2533	43	346	77.5	-2.04972369821326	0.818960526242548	-1.44898689292923	-2.32797825464132
Yellow	Male	Museum	IavH-7379	-77.14428	7.72386	18.6	53.01	28.8	10.54	0.463238419807482	-0.466291676762515	1.24201874552113	267	79	103	2676	47	313	4	-2.75830438067395	1.06367683012282	-0.518912575164089	-2.58875337548381
Yellow	Male	Museum	IavH-4916	-77.14428	7.72386	20	51.56	27.15	9.68	-0.793318120690767	0.129169987019945	0.839003511697489	267	79	103	2676	47	313	4	-2.75830438067395	1.06367683012282	-0.518912575164089	-2.58875337548381
Yellow	Male	Museum	IavH-4913	-77.14428	7.72386	18.6	52.64	29.4	10.08	0.306563946933661	-0.181324606455036	0.777275987331549	267	79	103	2676	47	313	4	-2.75830438067395	1.06367683012282	-0.518912575164089	-2.58875337548381
Yellow	Male	Museum	IavH-4894	-77.09568	7.90647	18	52.57	29.83	10.3	0.496497573775645	-0.144146017911208	1.0345894496293	263	80	99	2533	43	346	77.5	-2.04972369821326	0.818960526242548	-1.44898689292923	-2.32797825464132
Yellow	Male	Museum	IavH-4914	-77.11518	7.438388	19.2	52.44	28.99	9.34	-0.217286358163808	0.43755083495128	0.229054204698761	269	78	107	2854	50	319	2.5	-2.97547284933791	1.23715705927602	0.120358104316934	-2.64698865647546
Yellow	Male	Museum	IavH-4964	-77.098141	7.906764	15	53.3	33.37	9.42	1.23810838490937	0.475824673462972	-0.290020666779434	263	80	99	2533	43	346	77.5	-2.04972369821326	0.818960526242548	-1.44898689292923	-2.32797825464132
Yellow	Female	Museum	IavH-4944	-77.3636111	8.654	16.5	54.31	29.13	9.41	0.425920691751002	-0.503767825445576	-0.428162345668712	263	88	81	2154	49	537	21.5	-1.51624471815953	1.14996840208158	-3.1186584151979	-2.1921718346169
Yellow	Male	Museum	IavH-4924	-77.24291	7.092637	NA	52.63	30.27	9.76	0.38856411400399	0.0175755707611826	0.367715985341468	269	82	106	3675	43	456	34	-1.39122460925833	2.4460381892576	0.631524456257331	-1.71038036719569
Yellow	Female	Museum	IavH-4945	-77.1437028	8.2859222	18.4	52.3	31.79	10.19	0.940398757584872	-0.754548378153798	0.373620325392711	260	88	86	2206	43	325	64.5	-1.04398534163516	1.03324695005836	-3.64916482980793	-1.12740505531442
Yellow	Male	Museum	IavH-4933	-77.24291	7.092637	NA	52.4	31	9.26	0.256914626445522	0.832566652768515	0.0938615156226595	269	82	106	3675	43	456	34	-1.39122460925833	2.4460381892576	0.631524456257331	-1.71038036719569
Yellow	Female	Museum	IavH-4946	-77.1437028	8.2859222	16.1	51.46	32.86	9.78	0.842784330190509	-1.15137177959595	-0.37854379110738	260	88	86	2206	43	325	64.5	-1.04398534163516	1.03324695005836	-3.64916482980793	-1.12740505531442
White	Female	Museum	ANDESO-1013	-74.26435	6.30707	13.42	48.87	29.6	8.66	-1.30792495524419	-0.0556010271593453	-0.512068638119196	271	89	109	2604	37	582	229	-1.43202779982295	1.65866174422884	-0.743123337998876	1.26376134164834
White	Male	Museum	ANDESO-1035	-74.864221	5.03807	18	48.09	30.3	9.22	-1.08560868399893	-0.170543143062869	0.158945641980272	273	85	123	1618	47	343	258.5	-3.5678935172346	-0.213639775918994	0.266941284811053	1.01580563304205
White	Unknown	Museum	CSJ-a0755	-75.12854	6.917825	NA	54	31	8.82	0.615863698568675	-0.936549828534904	-1.59400328499597	212	81	118	3136	44	809	1142	3.9173267882372	-3.87429989526744	1.27937008794906	-2.19597471266638
White	Male	Museum	CSJ-a0439	-75.12854	6.917825	NA	50.4	34	8.68	0.28534399587477	0.44216100782169	-0.957196519199738	212	81	118	3136	44	809	1142	3.9173267882372	-3.87429989526744	1.27937008794906	-2.19597471266638
White	Male	Museum	CSJ-a0438	-75.12854	6.917825	NA	49.19	31	8.71	-0.794559213158233	-0.463305217711502	-0.871013301763041	212	81	118	3136	44	809	1142	3.9173267882372	-3.87429989526744	1.27937008794906	-2.19597471266638
White	Female	Museum	CSJ-a0758	-75.12854	6.917825	NA	52	28.58	9.03	-0.52731067613831	-0.520545416803967	-0.559287991622784	212	81	118	3136	44	809	1142	3.9173267882372	-3.87429989526744	1.27937008794906	-2.19597471266638
White	Male	Museum	CSJ-a0738	-74.53333	7.03083	NA	50.56	30.14	8.8	-0.669140270664688	0.560226870071756	-0.295181765243364	254	87	110	3022	44	787	557	0.0476321926703939	0.226819934669551	1.37593280606152	-0.813993842206796
White	Male	Museum	CSJ-a0757	-74.53333	7.03083	NA	52.33	31.08	8.2	-0.254986293688155	1.75310117952357	-0.782380055632679	254	87	110	3022	44	787	557	0.0476321926703939	0.226819934669551	1.37593280606152	-0.813993842206796
White	Female	Museum	CSJ-a0747	-75.094617	6.973633	NA	50.09	30.74	8.46	-0.716273936274567	-0.583593244735575	-1.33702477703481	231	86	117	3450	44	869	932.5	2.54845316725242	-1.96412045972756	1.7521169576418	-0.857526408709551
White	Male	Museum	CSJ-a0756	-74.53333	7.03083	NA	51.54	29.2	8.7	-0.681511015020396	0.338493804364148	-0.550162279084466	254	87	110	3022	44	787	557	0.0476321926703939	0.226819934669551	1.37593280606152	-0.813993842206796
White	Male	Museum	CSJ-a0762	-75.013984	6.34778	NA	51.7	29.94	8.08	-0.706072422472966	0.346869819026129	-1.44821834427602	231	89	112	2922	39	571	1093	2.68978970885634	-1.99694075019696	0.0937243044803021	0.28483495950271
White	Male	Museum	MUJ-819	-74.88684	5.199505	NA	47.84	28.51	8.49	-1.95060379856462	-0.247924260347484	-0.5650320042108	262	85	114	2238	42	453	476	-1.3454613478597	0.132504249966479	0.0419999106775449	0.167337514556584
White	Male	Museum	MUJ-778	-74.88684	5.199505	NA	49.19	28.1	8.19	-1.83419300830411	0.0422224101269608	-0.920997629203936	262	85	114	2238	42	453	476	-1.3454613478597	0.132504249966479	0.0419999106775449	0.167337514556584
White	Male	Museum	MUJ-777	-74.88684	5.199505	NA	47.91	26.63	8.68	-2.3339309668255	-0.638726733160203	-0.306702303127809	262	85	114	2238	42	453	476	-1.3454613478597	0.132504249966479	0.0419999106775449	0.167337514556584
White	Male	Museum	MUJ-297	-74.43404	4.963945	NA	48.63	26.4	9.8	-1.69371806688964	-0.931914096560797	0.907305226324715	219	90	102	1741	41	551	1194	2.89117696006357	-3.89960433546788	-1.89502293599108	-0.338711966511465
White	Male	Museum	MUJ-1662	-75.37	3.06	NA	50.85	29.68	9.45	-0.333895956927417	-1.07481507388433	-0.296685259462369	268	85	133	1417	56	113	514.5	-4.34203626174558	-2.02964789384865	1.75041039480846	1.028017729071
White	Female	Museum	MUJ-1659	-75.37	3.06	13.02	50.41	30.46	9.33	-0.342469301219185	-0.313713036188617	-0.0921407357597769	268	85	133	1417	56	113	514.5	-4.34203626174558	-2.02964789384865	1.75041039480846	1.028017729071
White	Female	Museum	MUJ-1661	-75.37	3.06	10.97	49.94	28.58	9.94	-0.654697519257723	-1.35759218869545	0.432411155731861	268	85	133	1417	56	113	514.5	-4.34203626174558	-2.02964789384865	1.75041039480846	1.028017729071
White	Female	Museum	MUJ-1663	-75.37	3.06	13.12	51.13	33.16	9.05	0.504523740924074	-0.956760436508639	-1.2040543481282	268	85	133	1417	56	113	514.5	-4.34203626174558	-2.02964789384865	1.75041039480846	1.028017729071
White	Male	Museum	MUA-AVP368	-75.1858575	6.590365	NA	51.82	31.78	8.36	-0.0957311279870627	1.04703437662445	-0.964619771496618	228	87	118	2903	44	502	1102	2.15333690296118	-2.92114056828318	0.595054637386569	-0.0105357794726663
White	Male	Museum	MUA-AVP365	-74.6933	7.028341	NA	49.67	30.37	8.15	-1.16138983443522	0.99506104061142	-0.813149711279724	246	85	115	2971	43	774	700	0.472899885043097	-1.1322687318354	2.02649965110589	-1.34353394310332
White	Male	Museum	MUA-AVP367	-75.1858575	6.590365	NA	51.72	32.04	7.89	-0.262999351355469	1.15163741758373	-1.52941481474313	228	87	118	2903	44	502	1102	2.15333690296118	-2.92114056828318	0.595054637386569	-0.0105357794726663
White	Male	Museum	MUA-AVP717	-74.82352	6.23483	NA	51.91	29.57	8.79	-0.475409013393714	0.934622142129236	-0.217387161404517	242	90	108	2694	40	562	800.5	1.5341330866599	-1.03428401633322	-0.217622953825221	0.350396958237476
White	Male	Museum	MUA-AVP719	-75.013984	6.34778	18.67	51.37	31.1	8.33	-0.441220877613067	1.44500310125966	-0.65575833859275	231	89	112	2922	39	571	1093	2.68978970885634	-1.99694075019696	0.0937243044803021	0.28483495950271
White	Male	Museum	MUA-AVP734	-74.84733	6.23483	16	49.92	26.88	9.24	-1.49208135287763	-0.203357630148177	0.34703145004203	238	90	108	2805	40	578	871	2.02666032302925	-1.21452711891606	-0.077363934962493	0.233955970630698
White	Male	Museum	MUA-AVP733	-74.37876	6.4437	15	48.21	28.01	9.27	-1.63047489329467	-0.49605746420207	0.315627474051183	277	87	116	2473	43	547	117	-2.82483499143461	1.46179815046465	-0.168823141774784	1.17239135516998
Yellow	Male	Museum	MLS- 7831	-76.64306	7.5931095	NA	49.5	27.69	7.72	-2.12387845338058	1.06787928339282	-0.978079021126563	270	84	104	3658	46	445	34	-1.55489682345136	2.54687698432272	-0.474485428807578	-0.881401702196623
White	Male	Museum	MLS-4245	-74.43404	4.963945	NA	49.85	26.84	8.21	-1.95339458695405	-0.455966468541842	-1.08661077760234	219	90	102	1741	41	551	1194	2.89117696006357	-3.89960433546788	-1.89502293599108	-0.338711966511465
White	Male	Museum	MLS-4247	-74.43404	4.963945	NA	47.48	28.58	9.89	-1.38339476033488	-0.946914403968005	0.897898624835108	219	90	102	1741	41	551	1194	2.89117696006357	-3.89960433546788	-1.89502293599108	-0.338711966511465
White	Male	Museum	MLS- 4248	-74.43404	4.963945	NA	48.27	27.77	9.32	-1.64525985095902	-0.693862117465828	0.298000412195435	219	90	102	1741	41	551	1194	2.89117696006357	-3.89960433546788	-1.89502293599108	-0.338711966511465
White	Male	Museum	ICN-NP	-74.61664	5.668136	NA	50.43	32.19	8.66	-0.161443472359434	-0.278136689531566	-1.14194573720169	277	87	116	2212	48	466	159.5	-2.92169110867651	1.40951683946041	0.249894573575648	1.02813424282651
White	Male	Museum	ICN-NP	-74.61664	5.668136	NA	49.92	27.86	8.13	-1.74400425911668	0.401620328177638	-0.875308965750488	277	87	116	2212	48	466	159.5	-2.92169110867651	1.40951683946041	0.249894573575648	1.02813424282651
White	Male	Museum	ICN-NP	-74.61664	5.668136	NA	45.78	29.92	8.78	-2.02351888933957	-0.109273498305664	-0.0288461816417953	277	87	116	2212	48	466	159.5	-2.92169110867651	1.40951683946041	0.249894573575648	1.02813424282651
White	Male	Museum	ICN-NP	-74.61664	5.668136	NA	45.33	26.88	8.63	-3.03449076070549	-0.124658570538448	0.197673059279486	277	87	116	2212	48	466	159.5	-2.92169110867651	1.40951683946041	0.249894573575648	1.02813424282651
White	Male	Museum	ICN-341146	-74.324503	5.855165	16	46.47	27.44	8.11	-2.79440138020726	-0.0846507204815333	-0.660121387240529	262	90	108	2433	40	534	394.5	-0.62608950641841	0.777010337284711	-0.712227616107558	1.08683205764513
White	Male	Museum	ICN-38224	-75.675195	2.293155	17	48.29	26.53	8	-2.56612321260353	-0.370241002338652	-1.07254662677052	239	89	119	1169	39	317	757	-0.32378381685044	-3.76076292533582	-1.24990569156888	1.48806372063594
White	Male	Museum	ICN-36208	-73.5079	7.394792	16.6	46.73	27.72	8.71	-2.38163072272096	-0.168738037182258	-0.00452838753121913	280	89	118	2615	49	494	126	-2.99386285320252	1.63214842479457	0.20852511935637	1.74983923737766
White	Male	Museum	ICN-36196	-74.56745	5.949942	16.8	46.68	29.04	8.87	-2.00960019349463	0.507122320173863	0.397938410173635	277	91	112	2352	45	473	144	-2.42260015993736	1.66237887994362	-0.435422301690672	1.80645965184173
White	Male	Museum	ICN-PB-2580	-74.34999847	5	NA	49.08	28.71	8.96	-1.35839922575495	-0.0888217294984695	-0.0651217552389401	219	91	101	1808	38	577	1277.5	3.17032294135134	-3.82919079053086	-1.85784285825284	-0.187424328881717
White	Male	Museum	ICN-PB-450	-74.34999847	5	NA	50.83	27.93	9.75	-0.759730870876129	0.214964855234454	0.972239911897613	219	91	101	1808	38	577	1277.5	3.17032294135134	-3.82919079053086	-1.85784285825284	-0.187424328881717
White	Male	Museum	ICN-35803	-73.28366667	7.159527778	16.25	46.95	26.72	8.6	-2.62182460185097	-0.450652574694261	-0.198776572866292	229	92	90	1460	28	285	995.5	2.33167029945545	-2.71252567529908	-3.71739741468745	-0.154209319036915
White	Male	Museum	ICN-PB-2782	-74.31667328	5.033329964	NA	48.82	27.94	9.43	-1.43068966087371	-0.163853751248121	0.623070042588024	207	90	95	2162	38	695	1446	4.86533274170914	-4.14884857786442	-2.34143330993981	-1.03111032455146
White	Unknown	Museum	ICN-B-2148	-73.5	6.866670132	NA	49.55	30.24	10.75	0.0861352998561363	-2.18306150126688	0.886837697643051	268	91	107	2226	39	390	357.5	-1.2939066710471	1.01976378624618	-1.15146779226244	1.49007591201192
White	Female	Museum	ICN-B-2028	-73.48332977	6.933330059	NA	49.37	26.63	9.12	-1.68534175373688	-1.52516826375192	-0.393020106390836	247	91	95	1934	35	327	758.5	0.784107538662159	-0.827485427522317	-2.68360845275528	0.236542848691918
White	Male	Museum	ICN-35801	-73.28366667	7.159527778	16.25	51.18	28.52	8.98	-0.807084333004642	-0.279627333610596	-0.385330418171978	229	92	90	1460	28	285	995.5	2.33167029945545	-2.71252567529908	-3.71739741468745	-0.154209319036915
White	Male	Museum	ICN-PB-4606	-73.9326	11.3093	NA	53.65	30.97	9.3	0.654976893630511	0.128447756129518	-0.378115572196592	285	79	124	1121	78	230	0	-6.76185118668724	-0.958533478851383	2.09902224236363	-2.1047547577747
White	Male	Museum	ICN-HZ-041	-73.59999847	9.616669655	NA	49.32	26.66	8.6	-1.98759009718813	-0.331905332524175	-0.433917918123955	280	78	138	1448	52	217	45	-5.63401483490142	-0.678979531636974	1.71553050556172	0.21904912714069
White	Male	Museum	ICN-DA-29	-75.31667328	9.716670036	NA	49.54	32.5	10.85	0.617097078155237	-0.161120235628213	1.79382424800956	270	76	135	1468	53	338	146	-4.76954242202104	-1.56538711219948	2.02540342834733	-1.25229765207249
White	Male	Museum	ICN-NP	-75.28333282	9.733329773	NA	49.8	30.14	10.46	-0.0918904105977261	-0.596453605071808	1.32168943491164	248	78	134	1395	53	352	464.5	-2.53820021550652	-3.418216881799	1.35158696571461	-0.937312883787649
White	Male	Museum	ICN-35344	-73.8	7.45	16.5	50.17	30.84	9.21	-0.336526532310985	-0.67802679709245	-0.450236464174397	284	84	121	2673	55	416	64	-4.07548717309711	1.78388262226371	0.894136787758462	0.451044717742076
White	Female	Museum	ICN-HZ-040	-73.59999847	9.616669655	NA	51.14	31.46	9.14	0.0525450422639934	-0.386786045362718	-0.587810261821862	280	78	138	1448	52	217	45	-5.63401483490142	-0.678979531636974	1.71553050556172	0.21904912714069
White	Male	Museum	ICN-2889	-77.90000153	2.599999905	NA	50.29	27.8	10.47	-0.585410857398301	-0.579245460519115	1.56411877549952	259	86	91	4375	23	1102	19	2.63248996650422	4.72394877520998	-0.826553485814788	-0.894281300196175
White	Male	Museum	ICN-2881	-77.90000153	2.599999905	NA	47.8	25.66	9.08	-2.47429204384148	-0.290293154003402	0.517323598935834	259	86	91	4375	23	1102	19	2.63248996650422	4.72394877520998	-0.826553485814788	-0.894281300196175
White	Male	Museum	ICN-34265	-78.75666809	1.818889976	16.8	49.75	26.87	8.74	-1.73794197124981	-0.548231673026089	-0.448209691162917	258	78	57	2299	46	744	0	-0.409292938505863	2.22828778056898	-4.69076538045906	-6.21354258134811
White	Female	Museum	ICN-GA-453	-78.08332825	1.483330011	17	50.21	29.63	9.57	-0.471522487673519	-1.09961745143326	-0.0680568805950676	234	92	92	5112	17	1465	517.5	7.01054688433915	3.86917519570276	-0.455137009036723	0.385292759710388
White	Female	Museum	ICN- 34266	-78.75666809	1.818889976	16.2	49.7	29.53	10.52	-0.247053862670043	-0.789825650238186	1.38452264446278	258	78	57	2299	46	744	0	-0.409292938505863	2.22828778056898	-4.69076538045906	-6.21354258134811
Yellow	Male	Museum	ICN-LG-25714	-76.83332825	5.116670132	NA	53.67	30.68	9.9	0.9420151007857	-1.54665704936425	-0.450295356255385	265	92	89	7806	21	1710	49.5	7.15452648599272	10.3344060295507	2.37976827303359	0.111921877868442
White	Male	Museum	ICN-GA-446	-78.08332825	1.483330011	NA	49.04	24.47	9.34	-2.30032316233988	-0.945304247301121	0.493861147025277	234	92	92	5112	17	1465	517.5	7.01054688433915	3.86917519570276	-0.455137009036723	0.385292759710388
Yellow	Male	Museum	ICN-HR-3777	-76.73332977	3.783329964	NA	52.74	26.07	9.12	-0.965437668902837	-0.458943331068076	-0.203030326332045	230	90	115	1252	42	258	871.5	0.90668955195573	-3.92259495512399	-1.14489788293253	1.02008043059447
Yellow	Male	Museum	ICN-HR-3745	-76.73332977	3.783329964	NA	50.53	27.33	9.04	-1.31212200057622	0.204279321065867	0.170710437430811	230	90	115	1252	42	258	871.5	0.90668955195573	-3.92259495512399	-1.14489788293253	1.02008043059447
Yellow	Male	Museum	ICN-HR-3873	-76.73332977	3.783329964	NA	51.01	27.72	9.06	-1.03636702424998	-0.272310896224487	-0.160532240489467	230	90	115	1252	42	258	871.5	0.90668955195573	-3.92259495512399	-1.14489788293253	1.02008043059447
Yellow	Male	Museum	ICN-HR-3974	-76.73332977	3.783329964	NA	50.16	30.06	9.67	-0.384085310966045	-0.123393286808145	0.521858365638842	230	90	115	1252	42	258	871.5	0.90668955195573	-3.92259495512399	-1.14489788293253	1.02008043059447
Yellow	Male	Museum	ICN-2895	-77.90000153	2.599999905	NA	51.58	27.25	9.62	-0.735840385566555	-0.722965959303579	0.304367316177328	259	86	91	4375	23	1102	19	2.63248996650422	4.72394877520998	-0.826553485814788	-0.894281300196175
Yellow	Male	Museum	ICN-2896	-77.90000153	2.599999905	NA	50.37	27.55	9.28	-1.15913051507527	-0.364054241490148	0.175589574092586	259	86	91	4375	23	1102	19	2.63248996650422	4.72394877520998	-0.826553485814788	-0.894281300196175
Yellow	Male	Museum	ICN-HR-3756	-76.73332977	3.783329964	NA	52.25	29.16	9.59	-0.0428752975465597	-0.782856129767724	-0.0825914926926579	230	90	115	1252	42	258	871.5	0.90668955195573	-3.92259495512399	-1.14489788293253	1.02008043059447
Yellow	Male	Museum	ICN-31477	-76.05000305	8.166669846	NA	52.62	29.53	8.55	-0.360509394060134	0.387133391348328	-0.89512971475926	271	86	115	1760	53	234	53	-3.75245941702108	-0.165788789789351	-0.647813080680186	0.399368003615696
Yellow	Female	Museum	ICN-LG-25713	-76.83332825	5.116670132	NA	50.03	29.33	10.07	-0.375917169973748	-1.26860372011999	0.542362940710033	265	92	89	7806	21	1710	49.5	7.15452648599272	10.3344060295507	2.37976827303359	0.111921877868442
White	Male	Museum	ICN-2882	-77.90000153	2.599999905	NA	50.38	29.31	10.12	-0.322358080203157	-0.267063442368862	1.08475841926477	259	86	91	4375	23	1102	19	2.63248996650422	4.72394877520998	-0.826553485814788	-0.894281300196175
Yellow	Male	Museum	ICN-16700	-77.16667175	8.333330154	NA	50.51	26.36	9.41	-1.4146258106107	0.119217642345307	0.719346284435886	257	88	86	2184	43	317	125.5	-0.816891512795427	0.701868668171986	-3.52831642985085	-1.28260345074975
Yellow	Male	Museum	ICN-37036	-76.1	8.033333333	NA	49.53	31.48	8.78	-0.548541401441618	-0.322023429678692	-0.809887346526443	259	89	110	2036	49	294	270.5	-1.91011152049721	-0.516858341861716	-1.23624531584188	0.742542493919204
Yellow	Male	Museum	UICN-HB- 317	-77.183842	8.289253	NA	49.96	29.08	9.71	-0.681466032344369	-0.22036888794288	0.666959030933871	258	87	87	2201	43	579	106	-0.81776123503029	0.953524827256003	-3.04027469592866	-1.54560553657856
White	Female	Museum	UT-3	-75.09088889	4.135888889	13.2	52	28	9.02	-0.627027709404509	-1.54986852418938	-1.03723323464159	274	81	130	1429	48	238	442	-4.74396353665865	-1.08882134939425	1.99190654217781	-0.185300564757581
White	Male	Museum	UT-4	-75.06	4.308333333	NA	48.2	27.2	9.11	-1.94974874692053	-0.024467817283744	0.455963259484812	257	83	124	1542	43	261	670	-2.56746718124167	-2.03403646929556	1.07399102343794	-0.201683739705143
White	Male	Museum	UT-5	-75.06	4.308333333	NA	47.9	22.3	8.8	-3.47441067112355	-0.324130391455323	0.536328538499577	257	83	124	1542	43	261	670	-2.56746718124167	-2.03403646929556	1.07399102343794	-0.201683739705143
White	Female	Museum	UT-7	-74.97555556	4.244722222	NA	52.22	31	9.12	0.232522901331514	-0.611051251714415	-0.812896664865196	273	80	130	1339	47	230	423	-4.78052211302467	-1.21749102909401	1.77346651062097	-0.31387052112212
White	Male	Museum	UT-9	-74.97555556	4.244722222	NA	48.8	29	8.9	-1.32366586109601	-1.09355177816395	-0.663660338415977	273	80	130	1339	47	230	423	-4.78052211302467	-1.21749102909401	1.77346651062097	-0.31387052112212
White	Male	Museum	UT-12	-74.97555556	4.687222222	NA	47.7	29	8.73	-1.72004345302559	-0.799635726616161	-0.586794965411147	246	87	118	1617	39	296	794.5	-0.61417482695071	-2.38920187523716	-0.333715345152959	0.768840172645324
White	Male	Museum	UT-14	-75.09088889	4.135888889	14.9	48	33	8.42	-0.720609646034609	-0.277331043944474	-1.23446204833597	274	81	130	1429	48	238	442	-4.74396353665865	-1.08882134939425	1.99190654217781	-0.185300564757581
White	Female	Museum	UT-18	-75.212983	4.426197	16.4	49	27	8.93	-1.82640924107747	-0.584459441719627	-0.143779859426125	218	87	117	1928	31	354	1167	2.70701774717507	-4.15623436026256	-0.48835896595975	0.359273264044073
White	Male	Museum	UT-20	-75.675195	2.293155	16.5	49.9	31	9.12	-0.443411182658744	-0.070777661440282	-0.234074824879316	239	89	119	1169	39	317	757	-0.32378381685044	-3.76076292533582	-1.24990569156888	1.48806372063594
White	Male	Museum	UV-6251	-76.11438	1.31565	NA	51.5	26.2	9.7	-1.01561827960733	-0.58397913437697	0.616407991214503	205	90	109	2818	33	507	1316.5	5.61948476240844	-3.60410663815278	-0.868723289235431	0.374644985325449
White	Male	Museum	UV-6250	-76.11438	1.31565	NA	56.5	27.6	9.7	0.730197458867339	-0.248973054059634	-0.0207321679116767	205	90	109	2818	33	507	1316.5	5.61948476240844	-3.60410663815278	-0.868723289235431	0.374644985325449
Yellow	Female	Museum	UV-403	-76.9759345	3.744525	NA	55	29.2	9.1	0.464766015426299	0.119994323077155	-0.596819168159547	262	92	89	5731	36	884	69	3.60939942590942	6.33157913801408	0.284191987806561	-0.4022243225331
Yellow	Female	Museum	UV-414	-76.9759345	3.744525	NA	53.5	28.6	9	-0.104684666073234	-0.755736405204147	-0.914914256303487	262	92	89	5731	36	884	69	3.60939942590942	6.33157913801408	0.284191987806561	-0.4022243225331
Yellow	Female	Museum	UV-452	-76.9759345	3.744525	NA	52	27.3	9	-0.886209695403647	-0.524371875536366	-0.444483858453917	262	92	89	5731	36	884	69	3.60939942590942	6.33157913801408	0.284191987806561	-0.4022243225331
Yellow	Female	Museum	UV-3467	-76.9759345	3.744525	NA	51.5	32.6	9.1	0.405322946012001	0.250526314997381	-0.491751289646457	262	92	89	5731	36	884	69	3.60939942590942	6.33157913801408	0.284191987806561	-0.4022243225331
Yellow	Female	Museum	UV-3463	-76.9759345	3.744525	NA	51	30.4	9.4	-0.185191765286243	0.0298514066691864	0.107570751181101	262	92	89	5731	36	884	69	3.60939942590942	6.33157913801408	0.284191987806561	-0.4022243225331
Yellow	Female	Museum	UV-3462	-76.9759345	3.744525	NA	54	27.6	8.5	-0.552975620195314	0.919446283348358	-0.625323169388116	262	92	89	5731	36	884	69	3.60939942590942	6.33157913801408	0.284191987806561	-0.4022243225331
Yellow	Female	Museum	UV-3465	-76.9759345	3.744525	NA	53	28.3	8.9	-0.448692503673871	0.59830475384458	-0.237775726122493	262	92	89	5731	36	884	69	3.60939942590942	6.33157913801408	0.284191987806561	-0.4022243225331
Yellow	Female	Museum	UV-5771	-76.96840047	3.942106691	NA	56	28.1	8.8	0.353037549882907	-0.520335750832417	-1.30827909516179	261	91	83	6872	26	1196	42.5	5.37355402608559	7.97392783950037	0.572534452724183	-0.910398487351418
Yellow	Female	Museum	IavH-4916	-76.96840047	3.942106691	NA	55	27	8.7	-0.256067022598748	-0.673025056262665	-1.25382183131914	261	91	83	6872	26	1196	42.5	5.37355402608559	7.97392783950037	0.572534452724183	-0.910398487351418
Yellow	Male	Museum	UV-6089	-76.44804	3.99509	NA	53	28.8	9.7	0.102914652388565	-0.571930582187645	0.115051905415594	197	92	113	1421	38	362	1567	4.65170875002706	-6.48314039125	-1.82299660232846	1.07518682700068
Yellow	Male	Museum	UV-445	-76.9759345	3.744525	NA	55	29.8	9.7	0.909970303670975	-0.266188852085442	-0.103789206852549	262	92	89	5731	36	884	69	3.60939942590942	6.33157913801408	0.284191987806561	-0.4022243225331
Yellow	Male	Museum	UV-6090	-76.44804	3.99509	NA	51.5	27.7	9.7	-0.637618821609486	-0.121294245772826	0.675310188585828	197	92	113	1421	38	362	1567	4.65170875002706	-6.48314039125	-1.82299660232846	1.07518682700068
Yellow	Male	Museum	UV-3473	-76.9759345	3.744525	NA	53	28.4	9.6	-0.0939278159218625	0.187798743951064	0.430971100745932	262	92	89	5731	36	884	69	3.60939942590942	6.33157913801408	0.284191987806561	-0.4022243225331
Yellow	Male	Museum	UV-3472	-76.9759345	3.744525	NA	57.5	29	8.5	0.824934024019974	0.44607457073489	-1.49046329907917	262	92	89	5731	36	884	69	3.60939942590942	6.33157913801408	0.284191987806561	-0.4022243225331
Yellow	Male	Museum	UV-3469	-76.9759345	3.744525	NA	60	29.1	8.3	1.4620811403773	0.39380771574881	-2.10619003600241	262	92	89	5731	36	884	69	3.60939942590942	6.33157913801408	0.284191987806561	-0.4022243225331
Yellow	Male	Museum	UV-3471	-76.9759345	3.744525	NA	56	29.4	8.5	0.530946721224738	0.211309381240869	-1.46854384842745	262	92	89	5731	36	884	69	3.60939942590942	6.33157913801408	0.284191987806561	-0.4022243225331
Yellow	Male	Museum	UV-3470	-76.9759345	3.744525	NA	56	31.4	8.3	0.953073135274517	0.748503629695736	-1.68702458053572	262	92	89	5731	36	884	69	3.60939942590942	6.33157913801408	0.284191987806561	-0.4022243225331
Yellow	Male	Museum	UV-5782	-76.96840047	3.942106691	NA	56	29.8	8.2	0.469959738966987	0.867947065065725	-1.55875444425299	261	91	83	6872	26	1196	42.5	5.37355402608559	7.97392783950037	0.572534452724183	-0.910398487351418
Yellow	Male	Museum	UV-5783	-76.96840047	3.942106691	NA	58.5	30.7	8.6	1.57314190089989	0.986441316520849	-1.41596420811038	261	91	83	6872	26	1196	42.5	5.37355402608559	7.97392783950037	0.572534452724183	-0.910398487351418
Yellow	Male	Museum	UV-5784	-76.96840047	3.942106691	NA	59	30.4	8.5	1.61687443201584	0.493182181869008	-1.82815019104932	261	91	83	6872	26	1196	42.5	5.37355402608559	7.97392783950037	0.572534452724183	-0.910398487351418
White	Male	Net	NA	-74.82352	6.23483	18.56	53	29.9	10.8	0.876112811767349	-0.559565123624655	1.39367963754656	242	90	108	2694	40	562	800.5	1.5341330866599	-1.03428401633322	-0.217622953825221	0.350396958237476
White	Male	Net	NA	-74.82352	6.23483	18.85	51	30.9	9.6	0.011928491726266	0.443890625811498	0.517906679675282	242	90	108	2694	40	562	800.5	1.5341330866599	-1.03428401633322	-0.217622953825221	0.350396958237476
White	Male	Net	NA	-74.82352	6.23483	17.68	51	30.8	9.6	0.00554527266110891	0.0978839900382459	0.350031348508219	242	90	108	2694	40	562	800.5	1.5341330866599	-1.03428401633322	-0.217622953825221	0.350396958237476
White	Male	Net	NA	-74.82352	6.23483	20.1	51	33.9	9.5	0.745807720882976	1.01423995831148	0.323254058773939	242	90	108	2694	40	562	800.5	1.5341330866599	-1.03428401633322	-0.217622953825221	0.350396958237476
White	Male	Net	NA	-74.82352	6.23483	18.22	54	30.2	10.2	0.924483779029189	0.282963540140422	0.90062124017154	242	90	108	2694	40	562	800.5	1.5341330866599	-1.03428401633322	-0.217622953825221	0.350396958237476
White	Male	Net	NA	-74.82352	6.23483	19.64	55	29.8	10.3	1.1596210531133	-0.0945665380048262	0.752129953669932	242	90	108	2694	40	562	800.5	1.5341330866599	-1.03428401633322	-0.217622953825221	0.350396958237476
White	Female	Net	NA	-74.9910555	6.3496111	14.98	54	33	9.8	1.64778422274364	-2.05184814754399	-1.16439411988574	230	89	112	2939	39	843	1037	2.9827605326573	-1.91669130680516	0.686152756236208	-0.0494436175973793
White	Female	Net	NA	-74.9910555	6.3496111	14.62	57	35	9.1	2.57415960310853	0.353034312371523	-1.43520523045511	230	89	112	2939	39	843	1037	2.9827605326573	-1.91669130680516	0.686152756236208	-0.0494436175973793
White	Female	Net	NA	-74.9910555	6.3496111	17.82	55	34	9.8	2.22838588932116	-2.6001859225953	-1.69918373053945	230	89	112	2939	39	843	1037	2.9827605326573	-1.91669130680516	0.686152756236208	-0.0494436175973793
White	Male	Net	NA	-74.99305555	6.34961111	18.11	55	30	9.2	0.747623754001745	-0.268725884538825	-0.768214418136194	230	89	112	2950	39	576	1037	2.74882927841987	-2.08628457614148	0.428009610085071	0.0268608375056996
White	Male	Net	NA	-74.99305555	6.34961111	19.37	53	30	10.1	0.530082402545362	0.610488652786717	1.09581529829989	230	89	112	2950	39	576	1037	2.74882927841987	-2.08628457614148	0.428009610085071	0.0268608375056996
White	Female	Net	NA	-74.99305555	6.34961111	16.58	54	34	9.8	1.78419528620048	0.192597300704191	-0.118013663392589	230	89	112	2950	39	576	1037	2.74882927841987	-2.08628457614148	0.428009610085071	0.0268608375056996
White	Male	Net	NA	-74.99305555	6.34961111	18.08	54	30	9.9	0.70826485397201	0.822061763494974	0.821981590685105	230	89	112	2950	39	576	1037	2.74882927841987	-2.08628457614148	0.428009610085071	0.0268608375056996
White	Female	Net	NA	-74.99305555	6.34961111	15.92	56	32	9.4	1.60967984772137	0.449060303790859	-0.510005173199688	230	89	112	2950	39	576	1037	2.74882927841987	-2.08628457614148	0.428009610085071	0.0268608375056996
White	Female	Net	NA	-74.99305555	6.34961111	15.93	55	32	9.6	1.46778683269735	-0.370323261659565	-0.552357893173635	230	89	112	2950	39	576	1037	2.74882927841987	-2.08628457614148	0.428009610085071	0.0268608375056996
White	Male	Net	NA	-74.99305555	6.34961111	18.29	52	30	9.8	0.148561846117122	0.177106702878035	0.615395909310375	230	89	112	2950	39	576	1037	2.74882927841987	-2.08628457614148	0.428009610085071	0.0268608375056996
White	Male	Net	NA	-74.99305555	6.34961111	17.81	57	30	8.2	0.717244481002773	2.27897085182304	-0.977318934108584	230	89	112	2950	39	576	1037	2.74882927841987	-2.08628457614148	0.428009610085071	0.0268608375056996
White	Female	Net	NA	-74.99305555	6.34961111	12.15	57	32	9	1.783944521473	-0.724752424631013	-1.76007116497884	230	89	112	2950	39	576	1037	2.74882927841987	-2.08628457614148	0.428009610085071	0.0268608375056996
White	Female	Net	NA	-74.99305555	6.34961111	15.4	53	32	10.5	1.33088867324682	-0.841798623761061	0.609035317509706	230	89	112	2950	39	576	1037	2.74882927841987	-2.08628457614148	0.428009610085071	0.0268608375056996
White	Male	Net	NA	-74.9910833	6.3498611	19.9	56	40	9.5	3.71903146348733	2.07862407656071	-0.504065351656887	230	89	112	2939	39	843	1037	2.9827605326573	-1.91669130680516	0.686152756236208	-0.0494436175973793
White	Male	Net	NA	-74.9910833	6.3498611	17.72	50	35	7.9	0.0421104956572156	1.52756208995577	-1.45905043327124	230	89	112	2939	39	843	1037	2.9827605326573	-1.91669130680516	0.686152756236208	-0.0494436175973793
White	Male	Net	NA	-74.9910833	6.3498611	19	55	30	9	0.509840719509758	2.26288898466946	0.293199164382412	230	89	112	2939	39	843	1037	2.9827605326573	-1.91669130680516	0.686152756236208	-0.0494436175973793
White	Male	Net	NA	-74.9910833	6.3498611	17.83	55	32	9	1.15362152965035	0.538606343801449	-0.846167849093917	230	89	112	2939	39	843	1037	2.9827605326573	-1.91669130680516	0.686152756236208	-0.0494436175973793
White	Male	Net	NA	-74.9910833	6.3498611	17.16	51	30	9.8	-0.0577313405863013	-1.01464527713224	0.123788284486628	230	89	112	2939	39	843	1037	2.9827605326573	-1.91669130680516	0.686152756236208	-0.0494436175973793
White	Male	Net	NA	-74.9910833	6.3498611	18.79	51	32	9.7	0.3058715682966	1.22825931545798	0.920401073775096	230	89	112	2939	39	843	1037	2.9827605326573	-1.91669130680516	0.686152756236208	-0.0494436175973793
White	Male	Net	NA	-74.9910833	6.3498611	18.18	51	31	9.2	-0.134681590169148	0.450367402293166	-0.00193684713143333	230	89	112	2939	39	843	1037	2.9827605326573	-1.91669130680516	0.686152756236208	-0.0494436175973793
White	Male	Net	NA	-74.9910833	6.3498611	19.1	53	31	9.2	0.435159007649107	0.200026058430983	-0.388862783701797	230	89	112	2939	39	843	1037	2.9827605326573	-1.91669130680516	0.686152756236208	-0.0494436175973793
White	Female	Net	NA	-74.9910833	6.3498611	18.21	58	35	11.5	3.92824569279206	-0.267500765235761	1.18020150081597	230	89	112	2939	39	843	1037	2.9827605326573	-1.91669130680516	0.686152756236208	-0.0494436175973793
White	Male	Net	NA	-74.9910833	6.3498611	16.63	51	30	9.6	-0.174549587069513	-0.509065257064508	0.131247108376113	230	89	112	2939	39	843	1037	2.9827605326573	-1.91669130680516	0.686152756236208	-0.0494436175973793
White	Male	Net	NA	-74.9910833	6.3498611	18.52	52	31	8.7	-0.123662189266733	1.28524155316031	-0.334845969487271	230	89	112	2939	39	843	1037	2.9827605326573	-1.91669130680516	0.686152756236208	-0.0494436175973793
White	Male	Net	NA	-74.9910833	6.3498611	17.41	53	31	9.9	0.787572635936252	-0.624021082207136	0.07687688671193	230	89	112	2939	39	843	1037	2.9827605326573	-1.91669130680516	0.686152756236208	-0.0494436175973793
White	Male	Net	NA	-74.9910833	6.3498611	17.77	51	28	10	-0.435503999032863	-2.29471897027198	-0.0441810615691118	230	89	112	2939	39	843	1037	2.9827605326573	-1.91669130680516	0.686152756236208	-0.0494436175973793
White	Male	Net	NA	-74.997084	6.328249	NA	53	31	8.9	0.239770839922828	1.29606856338933	-0.202015421429382	228	89	112	3055	39	593	1069	3.09082025234053	-2.02052329850091	0.301353070428533	0.134298239177124
White	Female	Net	NA	-74.997084	6.328249	18.9	57	34	9.8	2.52403963431953	1.74181839159445	0.30285445244953	228	89	112	3055	39	593	1069	3.09082025234053	-2.02052329850091	0.301353070428533	0.134298239177124
White	Male	Net	NA	-74.997084	6.328249	17.6	52	30	8.4	-0.511911654853949	1.0823215394694	-0.702533509681087	228	89	112	3055	39	593	1069	3.09082025234053	-2.02052329850091	0.301353070428533	0.134298239177124
White	Male	Net	NA	-74.997084	6.328249	19.09	54	33	12	2.53360113363	-0.927313366125154	2.23160952080602	228	89	112	3055	39	593	1069	3.09082025234053	-2.02052329850091	0.301353070428533	0.134298239177124
White	Male	Net	NA	-74.997084	6.328249	16.99	52	31	10.6	0.92966091791968	-2.57228570788418	0.0861407575895454	228	89	112	3055	39	593	1069	3.09082025234053	-2.02052329850091	0.301353070428533	0.134298239177124
White	Male	Net	NA	-74.997084	6.328249	18.99	50	31	10.3	-0.0250793488386028	1.9482194045899	2.31110984495128	228	89	112	3055	39	593	1069	3.09082025234053	-2.02052329850091	0.301353070428533	0.134298239177124
White	Male	Net	NA	-74.997084	6.328249	18.97	55	30	10.7	1.30521999420272	1.27464906769002	1.95125860041602	228	89	112	3055	39	593	1069	3.09082025234053	-2.02052329850091	0.301353070428533	0.134298239177124
White	Female	Net	NA	-74.997084	6.328249	17.74	56	34	10.1	2.42039494453565	1.00731729096692	0.432431446969028	228	89	112	3055	39	593	1069	3.09082025234053	-2.02052329850091	0.301353070428533	0.134298239177124
White	Female	Net	NA	-74.997084	6.328249	17.56	51	30	9.8	-0.0536991809860089	-1.08217977210359	0.0886564591989917	228	89	112	3055	39	593	1069	3.09082025234053	-2.02052329850091	0.301353070428533	0.134298239177124
White	Male	Net	NA	-74.997084	6.328249	NA	52	31	9.9	0.411928746020542	1.02067572657937	1.06080592396895	228	89	112	3055	39	593	1069	3.09082025234053	-2.02052329850091	0.301353070428533	0.134298239177124
White	Female	Net	NA	-74.997084	6.328249	18.36	56	34	10.6	2.647926007139	0.823919160339233	0.975893591847512	228	89	112	3055	39	593	1069	3.09082025234053	-2.02052329850091	0.301353070428533	0.134298239177124
White	Female	Net	NA	-74.997084	6.328249	17.31	54	31	11.1	1.65848586513631	-1.85793876786106	0.839917995787502	228	89	112	3055	39	593	1069	3.09082025234053	-2.02052329850091	0.301353070428533	0.134298239177124
White	Male	Net	NA	-74.997084	6.328249	18.98	51	30	10.5	0.201942616894115	-0.28539903342926	1.39755993651601	228	89	112	3055	39	593	1069	3.09082025234053	-2.02052329850091	0.301353070428533	0.134298239177124
White	Female	Net	NA	-74.997084	6.328249	16	55	34	11.1	2.70545331944156	-1.15904140504089	0.711561684313514	228	89	112	3055	39	593	1069	3.09082025234053	-2.02052329850091	0.301353070428533	0.134298239177124
White	Male	Net	NA	-74.997084	6.328249	17.01	55	30	8.6	0.441522770155329	0.505134730979486	-1.13228802463175	228	89	112	3055	39	593	1069	3.09082025234053	-2.02052329850091	0.301353070428533	0.134298239177124
White	Male	Net	NA	-74.997084	6.328249	NA	53	31	10.4	1.04736097534194	-1.34769517260564	0.339284429289316	228	89	112	3055	39	593	1069	3.09082025234053	-2.02052329850091	0.301353070428533	0.134298239177124
White	Male	Net	NA	-74.997084	6.328249	18.6	54	31	10.3	1.26379175200873	-1.05123959707449	0.23738043616797	228	89	112	3055	39	593	1069	3.09082025234053	-2.02052329850091	0.301353070428533	0.134298239177124
White	Male	Net	NA	-74.997084	6.328249	18.44	53	28	10.6	0.279151198620108	-0.617541130798391	1.33823961986158	228	89	112	3055	39	593	1069	3.09082025234053	-2.02052329850091	0.301353070428533	0.134298239177124
White	Female	Net	NA	-74.98196	6.325	16.78	55	30	10.3	1.28125580045151	-1.22598463068482	0.139321333237848	232	90	111	2879	40	833	986	2.7674206948292	-1.68536660158104	0.406897428167048	0.228278676533643
White	Female	Net	NA	-74.984511	6.343799	16.27	55	35	10.4	2.63864065982208	-0.589325130094614	-0.00767506524963851	230	89	112	2939	39	843	1037	2.9827605326573	-1.91669130680516	0.686152756236208	-0.0494436175973793
White	Female	Net	NA	-74.984511	6.343799	17.34	57	34	9.2	2.38728935368539	-0.320769781684023	-1.5367558161268	230	89	112	2939	39	843	1037	2.9827605326573	-1.91669130680516	0.686152756236208	-0.0494436175973793
White	Female	Net	NA	-74.984511	6.343799	15.06	55	34	9.6	2.05914956803415	-1.2166574679	-1.23501117791068	230	89	112	2939	39	843	1037	2.9827605326573	-1.91669130680516	0.686152756236208	-0.0494436175973793
White	Female	Net	NA	-74.984511	6.343799	15.18	57	32	9.4	1.89661622643064	0.290122384374092	-0.721034054128689	230	89	112	2939	39	843	1037	2.9827605326573	-1.91669130680516	0.686152756236208	-0.0494436175973793
White	Male	Net	NA	-74.953807	6.320653	16.17	51	30	8.9	-0.526963215356657	0.31498188357361	-0.334492562037612	228	90	110	3037	39	866	1044	3.39289131370832	-1.66861042424157	0.297446133765479	0.170979295211306
White	Female	Net	NA	-74.927604	6.24471	15.78	53	32	9.8	0.970410725759094	0.117317506819761	0.213559297671256	232	90	110	2978	39	601	1042.5	2.7794339603207	-1.59319076230392	0.222505750922435	0.236569409512943
White	Male	Net	NA	-74.994695	6.307586	18	53	30	10	0.5563486309099	-0.554945731577812	0.361776379204251	230	90	111	2995	39	859	1017	3.14416027615933	-1.66422331161771	0.448613325417944	0.231199955571977
White	Female	Net	NA	-74.994695	6.307586	19.24	57	35	10.5	3.22656878487902	-0.417111534277138	-0.0470121608883705	230	90	111	2995	39	859	1017	3.14416027615933	-1.66422331161771	0.448613325417944	0.231199955571977
White	Female	Net	NA	-74.931817	6.280812	16.43	56	34	11.3	3.07291850823141	-1.21574888978322	0.809260407083766	232	90	109	2957	39	854	990	3.01841877180295	-1.41602645626029	0.235825297827688	0.215407452444457
Yellow	Male	Net	NA	-76.546487	5.7458	16.5	53	25	8.3	-1.59445661431612	0.489327604376479	-0.661170516259689	267	92	107	7357	15	1778	49.5	5.9175836088615	8.78939821864848	2.96092750126708	2.10657663051641
Yellow	Female	Net	NA	-76.546487	5.7458	18.55	50.6	28.5	10.4	-0.304080328305765	-1.18810508791197	1.03332226023949	267	92	107	7357	15	1778	49.5	5.9175836088615	8.78939821864848	2.96092750126708	2.10657663051641
Yellow	Male	Net	NA	-76.546487	5.7458	18.62	50.3	29.1	10.6	-0.239479056604712	0.504324026953327	2.13506909544748	267	92	107	7357	15	1778	49.5	5.9175836088615	8.78939821864848	2.96092750126708	2.10657663051641
White	Unknown	Net	NA	-75.35994444	9.529763889	15.5	51	30	8.32	-0.8496074917568	1.51102596188461	-0.453389273908655	267	76	136	1368	57	318	179	-4.85518251597331	-2.09834142632523	2.33678998676747	-1.48028326778747
White	Unknown	Net	NA	-75.35994444	9.529763889	18	52	31	8.4	-0.275503033309853	1.65191151242806	-0.527422320321339	267	76	136	1368	57	318	179	-4.85518251597331	-2.09834142632523	2.33678998676747	-1.48028326778747
White	Unknown	Net	NA	-75.35994444	9.529763889	13.5	51	33	8.34	-0.0295086763089938	1.50788930245855	-0.79304449029424	267	76	136	1368	57	318	179	-4.85518251597331	-2.09834142632523	2.33678998676747	-1.48028326778747
White	Unknown	Net	NA	-75.35994444	9.529763889	16.5	51	30	8.52	-0.777546216836836	1.75507883599889	-0.0708848371053659	267	76	136	1368	57	318	179	-4.85518251597331	-2.09834142632523	2.33678998676747	-1.48028326778747
White	Unknown	Net	NA	-75.35994444	9.529763889	NA	50	30	8.15	-1.22696862885616	1.95113100942197	-0.313310408306395	267	76	136	1368	57	318	179	-4.85518251597331	-2.09834142632523	2.33678998676747	-1.48028326778747
White	Unknown	Net	NA	-75.35994444	9.529763889	17.4	51	31	8.63	-0.470032888406475	1.931791156469	0.0403998961261828	267	76	136	1368	57	318	179	-4.85518251597331	-2.09834142632523	2.33678998676747	-1.48028326778747
White	Unknown	Net	NA	-75.35994444	9.529763889	17.9	50	30	8.86	-0.902181012927283	1.66234117604269	0.443650470800246	267	76	136	1368	57	318	179	-4.85518251597331	-2.09834142632523	2.33678998676747	-1.48028326778747
White	Unknown	Net	NA	-75.35994444	9.529763889	14.2	51	30	8.46	-0.816623850382091	1.97428733699056	-0.0335153646508825	267	76	136	1368	57	318	179	-4.85518251597331	-2.09834142632523	2.33678998676747	-1.48028326778747
White	Unknown	Net	NA	-75.35994444	9.529763889	17.5	52	31	7.89	-0.530245454118911	2.2185214674073	-0.884312849980873	267	76	136	1368	57	318	179	-4.85518251597331	-2.09834142632523	2.33678998676747	-1.48028326778747
Yellow	Unknown	Net	NA	-76.18958333	7.98125	14.4	52	33	8.16	0.280917171814721	-0.350376988483389	-2.11806565639833	258	88	108	2170	46	317	239.5	-1.57412293305988	-0.206789663137757	-1.51852153957386	0.581732691051338
Yellow	Unknown	Net	NA	-76.18958333	7.98125	16.5	51	30	8.23	-0.674358685257718	-2.0771619949663	-2.4349809319099	258	88	108	2170	46	317	239.5	-1.57412293305988	-0.206789663137757	-1.51852153957386	0.581732691051338
Yellow	Unknown	Net	NA	-76.18958333	7.98125	15.5	53	34	8.75	1.11057048299079	-0.789608291913454	-1.84223453820901	258	88	108	2170	46	317	239.5	-1.57412293305988	-0.206789663137757	-1.51852153957386	0.581732691051338
Yellow	Unknown	Net	NA	-76.18958333	7.98125	17.3	51	31	9.37	-0.0430471838989745	0.148939925681166	0.0584736206090152	258	88	108	2170	46	317	239.5	-1.57412293305988	-0.206789663137757	-1.51852153957386	0.581732691051338
Yellow	Unknown	Net	NA	-76.18958333	7.98125	15.6	51	37	9.66	1.7314799922598	-0.293458382838697	-0.528278048689859	258	88	108	2170	46	317	239.5	-1.57412293305988	-0.206789663137757	-1.51852153957386	0.581732691051338
Yellow	Unknown	Net	NA	-76.18958333	7.98125	14.6	51.5	36	10.06	1.74072765006723	0.247947180424881	0.321476178083901	258	88	108	2170	46	317	239.5	-1.57412293305988	-0.206789663137757	-1.51852153957386	0.581732691051338
Yellow	Unknown	Net	NA	-76.18958333	7.98125	17.5	49	32	8.85	-0.605208432464042	1.02723768821095	-0.0135482616982673	258	88	108	2170	46	317	239.5	-1.57412293305988	-0.206789663137757	-1.51852153957386	0.581732691051338
Yellow	Unknown	Net	NA	-76.18958333	7.98125	14.8	53	32	9.27	0.760033498745779	-0.204244016296019	-0.63091772109749	258	88	108	2170	46	317	239.5	-1.57412293305988	-0.206789663137757	-1.51852153957386	0.581732691051338
Yellow	Unknown	Net	NA	-76.18958333	7.98125	17.9	51	35	8.76	0.708384466435376	1.25443218087401	-0.630631585652085	258	88	108	2170	46	317	239.5	-1.57412293305988	-0.206789663137757	-1.51852153957386	0.581732691051338
Yellow	Unknown	Net	NA	-76.18958333	7.98125	17.4	53	30	9.64	0.360188345841143	0.118727572144366	0.252240873698594	258	88	108	2170	46	317	239.5	-1.57412293305988	-0.206789663137757	-1.51852153957386	0.581732691051338
Yellow	Unknown	Net	NA	-76.21822222	7.966888889	15.7	51	31	9.47	0.0810861408273997	-1.20466235238574	-0.517904543524215	262	87	108	2182	45	321	185	-1.89367155727245	0.125167556235215	-1.49148251804375	0.439155911638204
Yellow	Unknown	Net	NA	-76.21822222	7.966888889	16	55	33	8.8	1.37401589471855	-0.074586037455966	-1.54189346803562	262	87	108	2182	45	321	185	-1.89367155727245	0.125167556235215	-1.49148251804375	0.439155911638204
Yellow	Unknown	Net	NA	-76.21822222	7.966888889	18.1	52	33	8.92	0.589749161841125	-0.00917548320046246	-0.969493040042526	262	87	108	2182	45	321	185	-1.89367155727245	0.125167556235215	-1.49148251804375	0.439155911638204
Yellow	Unknown	Net	NA	-76.21822222	7.966888889	16.2	50	30	8.63	-0.858300542050046	-0.741266478613181	-1.10059855944042	262	87	108	2182	45	321	185	-1.89367155727245	0.125167556235215	-1.49148251804375	0.439155911638204
Yellow	Unknown	Net	NA	-76.30233333	8.029138889	16.1	52	30	9.51	-0.0188085314833883	0.876430484490564	0.608645291306309	261	88	104	2131	43	320	177	-1.70731427305143	0.128459298333907	-2.09163490209095	0.398280932309799
Yellow	Unknown	Net	NA	-76.30233333	8.029138889	16.3	54	30	8.79	0.180485158038933	1.60874947522744	-0.187063512828612	261	88	104	2131	43	320	177	-1.70731427305143	0.128459298333907	-2.09163490209095	0.398280932309799
Yellow	Unknown	Net	NA	-76.29433333	7.988361111	15.3	52	32	7.37	-0.429826434058996	1.2931845017338	-2.15129265047418	263	89	104	2192	43	330	173.5	-1.66977699398701	0.449276663490809	-1.99295346952089	0.683216029099007
Yellow	Unknown	Net	NA	-76.29433333	7.988361111	17.7	51	37	7.42	0.539241828136262	3.42404438674492	-1.45653578941158	263	89	104	2192	43	330	173.5	-1.66977699398701	0.449276663490809	-1.99295346952089	0.683216029099007
Yellow	Unknown	Net	NA	-76.29433333	7.988361111	18.8	50	28	8.74	-1.57411831111476	2.98761308124927	1.22212179561884	263	89	104	2192	43	330	173.5	-1.66977699398701	0.449276663490809	-1.99295346952089	0.683216029099007
Yellow	Unknown	Net	NA	-76.29433333	7.988361111	18.7	50	28	8.59	-1.63149079897498	2.86028938401493	0.964227223878671	263	89	104	2192	43	330	173.5	-1.66977699398701	0.449276663490809	-1.99295346952089	0.683216029099007
Yellow	Unknown	Net	NA	-76.29433333	7.988361111	17.7	52	35	7.75	0.485225460490224	2.3114903623665	-1.49960354663441	263	89	104	2192	43	330	173.5	-1.66977699398701	0.449276663490809	-1.99295346952089	0.683216029099007
Yellow	Unknown	Net	NA	-76.29433333	7.988361111	16.5	51	32	8.01	-0.390120691345416	0.624419948098662	-1.55308965012617	263	89	104	2192	43	330	173.5	-1.66977699398701	0.449276663490809	-1.99295346952089	0.683216029099007
Yellow	Unknown	Net	NA	-76.29433333	7.988361111	19.4	51	34	7.47	-0.104893254432621	0.987822457606982	-2.29640730852317	263	89	104	2192	43	330	173.5	-1.66977699398701	0.449276663490809	-1.99295346952089	0.683216029099007
Yellow	Unknown	Net	NA	-76.09896667	8.036947222	16	55	29	6.69	-0.758487688372407	2.21778348924766	-2.56063725919084	264	87	112	2021	49	288	170	-2.61112577809984	-0.195442642839284	-0.813261586438123	0.420190979749054
Yellow	Unknown	Net	NA	-76.09896667	8.036947222	15	53	28	7.81	-1.17345153336785	3.47053581990406	-0.0999969170073889	264	87	112	2021	49	288	170	-2.61112577809984	-0.195442642839284	-0.813261586438123	0.420190979749054
Yellow	Unknown	Net	NA	-76.09896667	8.036947222	14	54	29	7.43	-0.605938667813273	0.3845132434654	-2.44044331217069	264	87	112	2021	49	288	170	-2.61112577809984	-0.195442642839284	-0.813261586438123	0.420190979749054
Yellow	Unknown	Net	NA	-76.19077778	8.062055556	15.9	55	30	9.22	0.825029780134834	-1.42009615457864	-1.34160905271363	267	88	108	1999	47	287	123	-2.57989987870073	0.245381384979332	-1.4742980521318	0.653075537253776
Yellow	Unknown	Net	NA	-76.19077778	8.062055556	15.6	55	28	9.22	0.222780213877252	-0.391418811915551	-0.564099839699967	267	88	108	1999	47	287	123	-2.57989987870073	0.245381384979332	-1.4742980521318	0.653075537253776
Yellow	Unknown	Net	NA	-76.19077778	8.062055556	15.9	52	27	10.04	-0.430562521736045	-1.96952300265083	0.168941315782841	267	88	108	1999	47	287	123	-2.57989987870073	0.245381384979332	-1.4742980521318	0.653075537253776
Yellow	Unknown	Net	NA	-76.19077778	8.062055556	14	54	26	8.49	-0.953279608583205	0.304869997402729	-0.763898193512936	267	88	108	1999	47	287	123	-2.57989987870073	0.245381384979332	-1.4742980521318	0.653075537253776
Yellow	Unknown	Net	NA	-76.19077778	8.062055556	14.5	55	28	8.49	-0.137478968341672	0.346382543801483	-1.1130370672206	267	88	108	1999	47	287	123	-2.57989987870073	0.245381384979332	-1.4742980521318	0.653075537253776
Yellow	Unknown	Net	NA	-76.19077778	8.062055556	17.9	57	28	9.03	0.586484510969552	1.43235494461052	-0.11482881678708	267	88	108	1999	47	287	123	-2.57989987870073	0.245381384979332	-1.4742980521318	0.653075537253776
Yellow	Unknown	Net	NA	-76.20058333	7.934694444	15.5	55	30	9.27	0.752623919828265	0.155378113682503	-0.458151761437541	266	88	107	2228	46	326	166	-2.1533757727491	0.458249450481205	-1.41146877821498	0.554674539521445
Yellow	Unknown	Net	NA	-76.20058333	7.934694444	15.6	55	28	9.12	0.205902334518658	-0.834234100086612	-0.922228228217891	266	88	107	2228	46	326	166	-2.1533757727491	0.458249450481205	-1.41146877821498	0.554674539521445
Yellow	Unknown	Net	NA	-76.20058333	7.934694444	16	54	27	8.97	-0.39416951967633	-1.04804427500036	-0.975572347008144	266	88	107	2228	46	326	166	-2.1533757727491	0.458249450481205	-1.41146877821498	0.554674539521445
Yellow	Unknown	Net	NA	-76.20058333	7.934694444	13.9	53	29	8.56	-0.305027610737639	-1.10420849051329	-1.64269711356857	266	88	107	2228	46	326	166	-2.1533757727491	0.458249450481205	-1.41146877821498	0.554674539521445
Yellow	Unknown	Net	NA	-76.28694444	8.043277778	15.1	53	26	8.98	-0.956430579168787	-0.734342435363625	-0.550064335940591	249	88	106	2144	45	319	356.5	-0.608336381878455	-0.941221221567968	-1.80491579434176	0.253156296942636
Yellow	Unknown	Net	NA	-76.28694444	8.043277778	17.7	55	27.5	8.6	-0.261592820593044	0.95861875878643	-0.593401255034801	249	88	106	2144	45	319	356.5	-0.608336381878455	-0.941221221567968	-1.80491579434176	0.253156296942636
Yellow	Unknown	Net	NA	-76.28694444	8.043277778	17	56	26	8.99	-0.180907337683415	0.289844391735241	-0.389544668421463	249	88	106	2144	45	319	356.5	-0.608336381878455	-0.941221221567968	-1.80491579434176	0.253156296942636
Yellow	Unknown	Net	NA	-76.28694444	8.043277778	18.1	50	22	9.21	-2.82248009479137	0.131103616096194	1.06384069826987	249	88	106	2144	45	319	356.5	-0.608336381878455	-0.941221221567968	-1.80491579434176	0.253156296942636
Yellow	Male	Net	NA	-75.46374	7.23705	16.26	52	29.92	8.99	-0.316755716671073	1.7317900916254	0.398882040208699	268	86	117	3953	41	671	305	-0.879181483030932	1.84590907771924	2.43380179431412	-0.254342488198735
Yellow	Male	Net	NA	-75.46374	7.23705	17.73	53	29	9.62	0.0862920782068531	0.0319163690091358	0.302719248568673	268	86	117	3953	41	671	305	-0.879181483030932	1.84590907771924	2.43380179431412	-0.254342488198735
Yellow	Male	Net	NA	-75.46374	7.23705	19.02	52	32.95	10.2	1.0902486739834	0.667946016246248	1.0243082513833	268	86	117	3953	41	671	305	-0.879181483030932	1.84590907771924	2.43380179431412	-0.254342488198735
Yellow	Male	Net	NA	-75.46374	7.23705	18.86	52	33.17	8.69	0.444485988954621	1.52513909353725	-0.485815473032371	268	86	117	3953	41	671	305	-0.879181483030932	1.84590907771924	2.43380179431412	-0.254342488198735
Yellow	Female	Net	NA	-75.47346	7.23125	14.79	52	31.61	10.45	0.936628671838769	-1.0144362452212	0.630955206656346	263	85	119	3726	42	875	271.5	-0.609285002413131	1.29441113139701	2.50038334165456	-0.409001587971491
Yellow	Female	Net	NA	-75.47346	7.23125	16.74	53	33.37	8.74	0.883471324502998	0.0881277279321485	-1.32205722795212	263	85	119	3726	42	875	271.5	-0.609285002413131	1.29441113139701	2.50038334165456	-0.409001587971491
Yellow	Male	Net	NA	-75.47346	7.23125	17.65	51	32.08	9.31	0.197292679594742	0.579719455519385	0.0750153896531068	263	85	119	3726	42	875	271.5	-0.609285002413131	1.29441113139701	2.50038334165456	-0.409001587971491
Yellow	Female	Net	NA	-75.47346	7.23125	17.74	53	23.94	8.61	-1.59233805932589	-2.09803970471566	-1.48257182572047	263	85	119	3726	42	875	271.5	-0.609285002413131	1.29441113139701	2.50038334165456	-0.409001587971491
Yellow	Male	Net	NA	-75.46374	7.23705	20.76	51	29.93	9.79	-0.176908815463971	0.591860443056376	0.955207776630366	268	86	117	3953	41	671	305	-0.879181483030932	1.84590907771924	2.43380179431412	-0.254342488198735
Yellow	Female	Net	NA	-75.46374	7.23705	14.64	55	27.58	9.11	0.210750986403556	-2.89025377256446	-1.95365765310011	268	86	117	3953	41	671	305	-0.879181483030932	1.84590907771924	2.43380179431412	-0.254342488198735
Yellow	Male	Net	NA	-75.46374	7.23705	17.68	51	29.81	10.09	-0.0915973644633105	0.795986147442464	1.45925837926347	268	86	117	3953	41	671	305	-0.879181483030932	1.84590907771924	2.43380179431412	-0.254342488198735
